1651158977.035091, 0
1651158977.050903, 0
1651158977.064077, 2
1651158977.077720, 0
1651158977.091511, 3
1651158977.105281, 4
1651158977.120551, 5
1651158977.134181, 7
1651158977.147513, 14
1651158977.164224, 16
1651158977.183089, 19
1651158977.199593, 24
1651158977.213628, 29
1651158977.227669, 33
1651158977.241102, 37
1651158977.254933, 39
1651158977.268466, 42
1651158977.281995, 46
1651158977.295595, 50
1651158977.309321, 49
1651158977.322649, 50
1651158977.337041, 49
1651158977.351441, 50
1651158977.364509, 49
1651158977.378516, 49
1651158977.392544, 49
1651158977.406091, 50
1651158977.422268, 50
1651158977.438688, 50
1651158977.453100, 50
1651158977.467574, 50
1651158977.481553, 50
1651158977.496271, 50
1651158977.509833, 50
1651158977.524670, 50
1651158977.539243, 50
1651158977.553775, 50
1651158977.567662, 48
1651158977.581618, 48
1651158977.597165, 49
1651158977.611184, 48
1651158977.625363, 50
1651158977.639229, 50
1651158977.652592, 50
1651158977.667496, 50
1651158977.681118, 48
1651158977.695776, 50
1651158977.709460, 48
1651158977.723985, 48
1651158977.738900, 48
1651158977.752933, 46
1651158977.767029, 44
1651158977.780051, 48
1651158977.793570, 50
1651158977.806922, 48
1651158977.819881, 49
1651158977.833708, 50
1651158977.847230, 49
1651158977.861116, 49
1651158977.875676, 49
1651158977.889587, 49
1651158977.903947, 47
1651158977.918576, 47
1651158977.934625, 49
1651158977.950041, 49
1651158977.963099, 49
1651158977.976461, 46
1651158977.990635, 44
1651158978.004232, 41
1651158978.019778, 43
1651158978.034638, 45
1651158978.048091, 50
1651158978.063661, 48
1651158978.078325, 46
1651158978.092109, 42
1651158978.105896, 43
1651158978.119243, 44
1651158978.132918, 48
1651158978.147682, 48
1651158978.163829, 47
1651158978.178200, 45
1651158978.194159, 46
1651158978.210521, 49
1651158978.224913, 47
1651158978.238730, 47
1651158978.252597, 44
1651158978.267030, 39
1651158978.280592, 34
1651158978.294413, 30
1651158978.309019, 29
1651158978.322714, 23
1651158978.337271, 21
1651158978.351075, 23
1651158978.365439, 25
1651158978.379231, 25
1651158978.392917, 21
1651158978.408732, 20
1651158978.422675, 18
1651158978.436438, 16
1651158978.451151, 17
1651158978.464778, 17
1651158978.479505, 17
1651158978.494207, 16
1651158978.507695, 15
1651158978.521009, 16
1651158978.534746, 16
1651158978.549225, 16
1651158978.562973, 17
1651158978.577660, 16
1651158978.591468, 17
1651158978.604879, 15
1651158978.619786, 16
1651158978.634535, 17
1651158978.648193, 19
1651158978.664833, 19
1651158978.679441, 18
1651158978.694067, 17
1651158978.707739, 17
1651158978.722760, 16
1651158978.743856, 18
1651158978.758586, 17
1651158978.772220, 18
1651158978.786836, 16
1651158978.801491, 16
1651158978.818079, 18
1651158978.833568, 18
1651158978.847264, 18
1651158978.861069, 19
1651158978.878675, 17
1651158978.893671, 18
1651158978.907115, 19
1651158978.921513, 20
1651158978.935068, 19
1651158978.950784, 19
1651158978.965773, 21
1651158978.980460, 20
1651158978.994179, 19
1651158979.007791, 20
1651158979.022649, 19
1651158979.039047, 18
1651158979.053399, 20
1651158979.067203, 20
1651158979.081629, 20
1651158979.096489, 21
1651158979.110104, 20
1651158979.124665, 20
1651158979.138900, 21
1651158979.152734, 21
1651158979.166185, 21
1651158979.179711, 21
1651158979.193070, 22
1651158979.206665, 21
1651158979.220411, 21
1651158979.234263, 21
1651158979.247829, 21
1651158979.262611, 21
1651158979.276295, 22
1651158979.289482, 22
1651158979.302848, 21
1651158979.316771, 21
1651158979.331192, 21
1651158979.347375, 21
1651158979.360810, 21
1651158979.374773, 23
1651158979.390767, 21
1651158979.406835, 21
1651158979.420324, 21
1651158979.434887, 23
1651158979.448369, 22
1651158979.462908, 24
1651158979.476690, 23
1651158979.490653, 23
1651158979.504272, 23
1651158979.520055, 24
1651158979.534665, 23
1651158979.548330, 24
1651158979.562153, 23
1651158979.575437, 24
1651158979.588580, 24
1651158979.601845, 23
1651158979.615223, 23
1651158979.628258, 22
1651158979.643430, 22
1651158979.657483, 23
1651158979.671303, 25
1651158979.687771, 23
1651158979.704655, 24
1651158979.719322, 25
1651158979.734230, 24
1651158979.747463, 24
1651158979.761203, 25
1651158979.774977, 25
1651158979.788497, 26
1651158979.802656, 25
1651158979.818055, 24
1651158979.831680, 25
1651158979.846384, 25
1651158979.860085, 25
1651158979.875699, 25
1651158979.890180, 26
1651158979.904111, 26
1651158979.917600, 24
1651158979.931454, 26
1651158979.945259, 24
1651158979.965256, 26
1651158979.980834, 28
1651158979.994403, 26
1651158980.008736, 27
1651158980.022500, 26
1651158980.037158, 26
1651158980.051829, 26
1651158980.065395, 27
1651158980.080344, 27
1651158980.097004, 26
1651158980.111665, 24
1651158980.125300, 27
1651158980.140280, 27
1651158980.154740, 27
1651158980.169195, 26
1651158980.184155, 27
1651158980.197776, 25
1651158980.213489, 26
1651158980.227231, 28
1651158980.241722, 27
1651158980.255394, 27
1651158980.269098, 27
1651158980.284914, 28
1651158980.298791, 30
1651158980.315253, 28
1651158980.330797, 28
1651158980.344443, 28
1651158980.358047, 28
1651158980.371938, 27
1651158980.385325, 28
1651158980.399248, 29
1651158980.413793, 28
1651158980.429638, 29
1651158980.443740, 29
1651158980.460482, 29
1651158980.474386, 30
1651158980.488234, 29
1651158980.505354, 30
1651158980.519337, 28
1651158980.535021, 29
1651158980.548904, 29
1651158980.562478, 30
1651158980.577861, 29
1651158980.592356, 30
1651158980.606062, 31
1651158980.619925, 31
1651158980.633378, 30
1651158980.648234, 29
1651158980.661891, 29
1651158980.677630, 31
1651158980.691255, 29
1651158980.707841, 30
1651158980.722376, 30
1651158980.735948, 30
1651158980.751745, 29
1651158980.766206, 29
1651158980.780930, 31
1651158980.797706, 31
1651158980.812150, 31
1651158980.827143, 32
1651158980.840719, 30
1651158980.854625, 31
1651158980.868991, 31
1651158980.882896, 32
1651158980.896818, 30
1651158980.910654, 32
1651158980.924266, 30
1651158980.938767, 30
1651158980.952429, 32
1651158980.967115, 32
1651158980.981732, 32
1651158980.995557, 31
1651158981.009150, 32
1651158981.024763, 33
1651158981.038377, 31
1651158981.054144, 33
1651158981.068852, 31
1651158981.082387, 31
1651158981.096200, 32
1651158981.110677, 32
1651158981.124501, 33
1651158981.139043, 32
1651158981.155679, 32
1651158981.171257, 32
1651158981.185008, 32
1651158981.199582, 34
1651158981.213720, 33
1651158981.228047, 34
1651158981.243846, 33
1651158981.258292, 33
1651158981.273106, 34
1651158981.286654, 32
1651158981.300209, 33
1651158981.314933, 32
1651158981.328719, 34
1651158981.342562, 34
1651158981.356248, 33
1651158981.370698, 35
1651158981.386423, 34
1651158981.403205, 35
1651158981.417721, 33
1651158981.432881, 35
1651158981.446685, 34
1651158981.460317, 35
1651158981.475862, 34
1651158981.490712, 34
1651158981.505223, 34
1651158981.518395, 34
1651158981.533030, 34
1651158981.546991, 34
1651158981.560712, 33
1651158981.575064, 34
1651158981.588533, 36
1651158981.603379, 35
1651158981.616945, 34
1651158981.633281, 36
1651158981.647096, 35
1651158981.660370, 35
1651158981.674948, 35
1651158981.688613, 35
1651158981.702021, 35
1651158981.718098, 37
1651158981.732773, 35
1651158981.747233, 35
1651158981.761517, 34
1651158981.775405, 35
1651158981.789074, 36
1651158981.803597, 36
1651158981.818400, 36
1651158981.833146, 35
1651158981.854433, 36
1651158981.868388, 36
1651158981.882206, 38
1651158981.896719, 37
1651158981.910286, 36
1651158981.924085, 37
1651158981.938643, 36
1651158981.953601, 37
1651158981.967430, 37
1651158981.981126, 36
1651158981.994952, 36
1651158982.009718, 37
1651158982.023109, 37
1651158982.036817, 37
1651158982.050376, 38
1651158982.065072, 37
1651158982.080029, 38
1651158982.094449, 37
1651158982.109208, 37
1651158982.123679, 36
1651158982.138421, 38
1651158982.151772, 38
1651158982.167628, 37
1651158982.182732, 38
1651158982.197635, 38
1651158982.212980, 38
1651158982.229592, 39
1651158982.243562, 37
1651158982.258102, 39
1651158982.273810, 39
1651158982.289487, 37
1651158982.303075, 37
1651158982.317753, 39
1651158982.331746, 39
1651158982.346983, 38
1651158982.360685, 38
1651158982.377890, 40
1651158982.392016, 39
1651158982.407657, 37
1651158982.425316, 41
1651158982.439286, 40
1651158982.453624, 39
1651158982.467142, 39
1651158982.480760, 40
1651158982.495457, 41
1651158982.509832, 39
1651158982.524080, 40
1651158982.540801, 38
1651158982.554841, 39
1651158982.568975, 39
1651158982.583645, 39
1651158982.597446, 39
1651158982.611756, 38
1651158982.625590, 38
1651158982.639445, 39
1651158982.654720, 40
1651158982.668240, 40
1651158982.682002, 40
1651158982.695634, 40
1651158982.709240, 40
1651158982.722732, 41
1651158982.736641, 41
1651158982.749922, 39
1651158982.763261, 41
1651158982.776486, 41
1651158982.790370, 41
1651158982.805377, 39
1651158982.820755, 41
1651158982.834935, 41
1651158982.849284, 39
1651158982.862949, 40
1651158982.876381, 41
1651158982.889249, 42
1651158982.904172, 42
1651158982.918729, 43
1651158982.933317, 42
1651158982.947737, 41
1651158982.961995, 43
1651158982.975794, 41
1651158982.990959, 42
1651158983.005567, 41
1651158983.018714, 42
1651158983.032464, 42
1651158983.046334, 43
1651158983.061909, 44
1651158983.075795, 42
1651158983.090531, 41
1651158983.103934, 43
1651158983.118826, 44
1651158983.133282, 41
1651158983.148323, 41
1651158983.162995, 43
1651158983.176653, 43
1651158983.192403, 43
1651158983.207132, 42
1651158983.220822, 42
1651158983.234093, 42
1651158983.247327, 42
1651158983.260801, 42
1651158983.274102, 43
1651158983.288149, 43
1651158983.302214, 42
1651158983.315806, 42
1651158983.331625, 41
1651158983.346923, 42
1651158983.360811, 41
1651158983.374420, 42
1651158983.391114, 41
1651158983.406178, 42
1651158983.420875, 43
1651158983.435391, 44
1651158983.449304, 44
1651158983.464012, 44
1651158983.478518, 42
1651158983.493183, 43
1651158983.508088, 44
1651158983.522504, 42
1651158983.536278, 42
1651158983.549810, 45
1651158983.563527, 44
1651158983.580247, 44
1651158983.593948, 44
1651158983.608326, 44
1651158983.623159, 44
1651158983.637778, 44
1651158983.651292, 44
1651158983.666156, 43
1651158983.679497, 43
1651158983.693132, 43
1651158983.706694, 45
1651158983.720397, 43
1651158983.734296, 44
1651158983.747632, 44
1651158983.761683, 45
1651158983.775360, 45
1651158983.791161, 45
1651158983.805636, 45
1651158983.820335, 46
1651158983.833871, 47
1651158983.847770, 44
1651158983.862252, 45
1651158983.875943, 45
1651158983.890927, 46
1651158983.907841, 47
1651158983.922145, 46
1651158983.936156, 46
1651158983.949659, 45
1651158983.963431, 47
1651158983.977891, 47
1651158983.991811, 46
1651158984.006194, 46
1651158984.021810, 46
1651158984.035754, 45
1651158984.049960, 46
1651158984.064310, 47
1651158984.077935, 47
1651158984.091540, 47
1651158984.105386, 47
1651158984.119771, 47
1651158984.133491, 48
1651158984.147609, 48
1651158984.162236, 48
1651158984.175705, 47
1651158984.191316, 46
1651158984.205507, 46
1651158984.219648, 46
1651158984.234336, 45
1651158984.250895, 46
1651158984.265749, 45
1651158984.279356, 47
1651158984.294055, 46
1651158984.307624, 46
1651158984.322336, 46
1651158984.336985, 47
1651158984.350900, 46
1651158984.365365, 46
1651158984.378823, 47
1651158984.397604, 47
1651158984.412606, 46
1651158984.425866, 47
1651158984.440379, 47
1651158984.453951, 48
1651158984.471536, 47
1651158984.485108, 48
1651158984.499026, 47
1651158984.512621, 48
1651158984.525812, 47
1651158984.539450, 47
1651158984.553227, 48
1651158984.566879, 47
1651158984.580603, 48
1651158984.593657, 49
1651158984.606888, 48
1651158984.619974, 46
1651158984.634111, 47
1651158984.648347, 47
1651158984.662095, 48
1651158984.675908, 47
1651158984.690429, 49
1651158984.703976, 47
1651158984.717745, 48
1651158984.731359, 49
1651158984.744983, 49
1651158984.758824, 48
1651158984.773269, 48
1651158984.786962, 48
1651158984.800690, 49
1651158984.814486, 49
1651158984.829156, 49
1651158984.842697, 49
1651158984.856369, 48
1651158984.870011, 50
1651158984.883745, 49
1651158984.897512, 49
1651158984.911057, 48
1651158984.924657, 49
1651158984.938365, 49
1651158984.951475, 49
1651158984.964744, 49
1651158984.983411, 48
1651158984.998053, 49
1651158985.011930, 49
1651158985.026780, 49
1651158985.041091, 48
1651158985.055356, 48
1651158985.068918, 48
1651158985.083142, 48
1651158985.097870, 49
1651158985.112040, 49
1651158985.126248, 48
1651158985.141081, 48
1651158985.154664, 48
1651158985.168673, 48
1651158985.182233, 47
1651158985.195890, 47
1651158985.210531, 47
1651158985.224930, 47
1651158985.239093, 47
1651158985.254071, 45
1651158985.268171, 46
1651158985.282934, 40
1651158985.296539, 36
1651158985.315248, 30
1651158985.328980, 26
1651158985.342731, 21
1651158985.357419, 21
1651158985.371324, 22
1651158985.386891, 21
1651158985.400791, 21
1651158985.414474, 21
1651158985.427658, 21
1651158985.445450, 22
1651158985.458939, 21
1651158985.473753, 22
1651158985.487304, 22
1651158985.501058, 23
1651158985.514897, 23
1651158985.528629, 22
1651158985.541836, 22
1651158985.555152, 22
1651158985.569317, 23
1651158985.582788, 23
1651158985.596603, 24
1651158985.611313, 23
1651158985.626633, 24
1651158985.639596, 23
1651158985.654970, 23
1651158985.668251, 23
1651158985.683050, 24
1651158985.697636, 23
1651158985.711369, 22
1651158985.725102, 23
1651158985.738663, 23
1651158985.752319, 23
1651158985.766090, 25
1651158985.779624, 24
1651158985.792678, 25
1651158985.805905, 24
1651158985.819620, 25
1651158985.833236, 26
1651158985.846834, 25
1651158985.861576, 24
1651158985.875062, 25
1651158985.888750, 25
1651158985.902017, 25
1651158985.915079, 25
1651158985.928760, 25
1651158985.942679, 26
1651158985.956565, 25
1651158985.970427, 26
1651158985.984243, 25
1651158985.997730, 25
1651158986.012078, 26
1651158986.025861, 25
1651158986.039483, 27
1651158986.053297, 27
1651158986.067258, 26
1651158986.081624, 27
1651158986.095320, 26
1651158986.109143, 27
1651158986.123041, 27
1651158986.137402, 26
1651158986.151141, 27
1651158986.164728, 27
1651158986.178743, 27
1651158986.192136, 26
1651158986.205900, 28
1651158986.227417, 27
1651158986.241861, 26
1651158986.255530, 28
1651158986.269345, 27
1651158986.282879, 28
1651158986.296664, 27
1651158986.310125, 27
1651158986.323926, 29
1651158986.337651, 27
1651158986.353155, 29
1651158986.368376, 29
1651158986.381669, 28
1651158986.395282, 28
1651158986.408884, 27
1651158986.422174, 28
1651158986.435918, 28
1651158986.449419, 29
1651158986.463202, 29
1651158986.477819, 28
1651158986.491651, 30
1651158986.505109, 28
1651158986.519502, 29
1651158986.535196, 29
1651158986.549682, 30
1651158986.563364, 29
1651158986.579262, 31
1651158986.593052, 28
1651158986.606948, 29
1651158986.625679, 29
1651158986.639936, 30
1651158986.653101, 28
1651158986.666451, 30
1651158986.680261, 30
1651158986.695724, 29
1651158986.711930, 30
1651158986.726125, 30
1651158986.740988, 31
1651158986.754730, 30
1651158986.769532, 30
1651158986.783102, 30
1651158986.797752, 30
1651158986.811509, 30
1651158986.825406, 31
1651158986.840779, 30
1651158986.855669, 31
1651158986.870391, 30
1651158986.885183, 32
1651158986.899120, 31
1651158986.913684, 30
1651158986.927152, 31
1651158986.941821, 32
1651158986.959368, 32
1651158986.973161, 31
1651158986.987236, 31
1651158987.000931, 32
1651158987.014520, 32
1651158987.028441, 31
1651158987.043274, 31
1651158987.056911, 32
1651158987.070579, 32
1651158987.086695, 31
1651158987.100682, 32
1651158987.115071, 33
1651158987.129989, 32
1651158987.143156, 32
1651158987.156860, 31
1651158987.172515, 33
1651158987.187722, 33
1651158987.201586, 33
1651158987.215689, 33
1651158987.230899, 33
1651158987.244621, 33
1651158987.258228, 33
1651158987.271898, 33
1651158987.285700, 33
1651158987.299433, 33
1651158987.313322, 33
1651158987.326929, 34
1651158987.340472, 33
1651158987.354136, 33
1651158987.368814, 33
1651158987.383415, 34
1651158987.397210, 33
1651158987.410915, 35
1651158987.424200, 33
1651158987.437625, 35
1651158987.451306, 34
1651158987.475004, 34
1651158987.488446, 34
1651158987.503144, 34
1651158987.518061, 34
1651158987.531628, 34
1651158987.546056, 34
1651158987.559735, 35
1651158987.574678, 34
1651158987.588251, 35
1651158987.603136, 34
1651158987.616813, 35
1651158987.631486, 35
1651158987.645157, 34
1651158987.658470, 34
1651158987.673540, 35
1651158987.688263, 35
1651158987.701928, 35
1651158987.716612, 34
1651158987.732271, 35
1651158987.745934, 34
1651158987.759602, 34
1651158987.773729, 35
1651158987.788206, 35
1651158987.803946, 35
1651158987.820684, 34
1651158987.838255, 36
1651158987.851930, 36
1651158987.865535, 37
1651158987.880490, 36
1651158987.896854, 36
1651158987.913088, 36
1651158987.928775, 36
1651158987.943427, 37
1651158987.958070, 36
1651158987.971672, 36
1651158987.985989, 35
1651158987.999477, 38
1651158988.013036, 36
1651158988.027139, 38
1651158988.041532, 37
1651158988.057261, 39
1651158988.070808, 38
1651158988.088328, 38
1651158988.102816, 37
1651158988.116763, 37
1651158988.131414, 37
1651158988.146813, 38
1651158988.160463, 37
1651158988.174168, 38
1651158988.189754, 37
1651158988.204179, 37
1651158988.217669, 37
1651158988.231542, 40
1651158988.245351, 39
1651158988.259122, 39
1651158988.272933, 39
1651158988.286601, 38
1651158988.300280, 39
1651158988.313625, 38
1651158988.327075, 38
1651158988.340615, 39
1651158988.354383, 39
1651158988.368039, 38
1651158988.382027, 38
1651158988.395602, 38
1651158988.409042, 40
1651158988.423308, 39
1651158988.436946, 39
1651158988.451011, 41
1651158988.466783, 41
1651158988.480695, 40
1651158988.495949, 40
1651158988.510612, 40
1651158988.523861, 39
1651158988.537782, 39
1651158988.551424, 40
1651158988.565072, 39
1651158988.578428, 40
1651158988.591536, 39
1651158988.605027, 39
1651158988.619112, 41
1651158988.632352, 40
1651158988.647664, 39
1651158988.661577, 40
1651158988.675655, 41
1651158988.691341, 41
1651158988.706726, 40
1651158988.723139, 40
1651158988.737590, 41
1651158988.752909, 40
1651158988.767026, 40
1651158988.781621, 40
1651158988.795347, 40
1651158988.810162, 39
1651158988.824764, 40
1651158988.839478, 41
1651158988.853213, 41
1651158988.867492, 41
1651158988.881950, 41
1651158988.901499, 42
1651158988.915984, 43
1651158988.929666, 41
1651158988.943376, 41
1651158988.958233, 41
1651158988.975659, 41
1651158988.989274, 40
1651158989.004056, 41
1651158989.019455, 41
1651158989.033088, 40
1651158989.047046, 41
1651158989.061674, 41
1651158989.076658, 42
1651158989.090224, 41
1651158989.104057, 43
1651158989.118375, 42
1651158989.134133, 44
1651158989.148540, 42
1651158989.162292, 41
1651158989.175959, 42
1651158989.190614, 42
1651158989.205420, 42
1651158989.219067, 43
1651158989.233019, 42
1651158989.247522, 43
1651158989.261981, 42
1651158989.275554, 42
1651158989.289664, 43
1651158989.303157, 43
1651158989.316872, 44
1651158989.330473, 43
1651158989.344282, 43
1651158989.358045, 44
1651158989.371675, 45
1651158989.385362, 44
1651158989.399324, 44
1651158989.412735, 42
1651158989.426181, 43
1651158989.440044, 44
1651158989.453647, 43
1651158989.469367, 44
1651158989.482869, 44
1651158989.496834, 44
1651158989.510373, 44
1651158989.523599, 45
1651158989.537053, 45
1651158989.550367, 44
1651158989.563848, 45
1651158989.577623, 44
1651158989.599062, 44
1651158989.612870, 45
1651158989.627508, 44
1651158989.642085, 44
1651158989.655251, 43
1651158989.669464, 44
1651158989.683160, 44
1651158989.697349, 43
1651158989.718032, 44
1651158989.732404, 46
1651158989.746788, 47
1651158989.760475, 46
1651158989.774170, 45
1651158989.787516, 46
1651158989.800754, 46
1651158989.814285, 46
1651158989.827875, 46
1651158989.841489, 44
1651158989.855003, 45
1651158989.868100, 45
1651158989.881971, 45
1651158989.895230, 45
1651158989.912292, 44
1651158989.926816, 45
1651158989.941331, 45
1651158989.955263, 47
1651158989.969678, 46
1651158989.985501, 47
1651158989.999216, 46
1651158990.014766, 46
1651158990.028265, 47
1651158990.043916, 47
1651158990.059706, 45
1651158990.073654, 46
1651158990.087265, 45
1651158990.100785, 46
1651158990.114326, 46
1651158990.130148, 47
1651158990.143576, 47
1651158990.158214, 46
1651158990.173099, 48
1651158990.186418, 47
1651158990.200547, 49
1651158990.214082, 49
1651158990.227746, 48
1651158990.241054, 49
1651158990.254278, 48
1651158990.267931, 48
1651158990.282842, 48
1651158990.296334, 47
1651158990.310832, 47
1651158990.324392, 46
1651158990.338005, 47
1651158990.351307, 46
1651158990.372767, 46
1651158990.388896, 47
1651158990.403909, 47
1651158990.418435, 46
1651158990.432799, 48
1651158990.447474, 48
1651158990.461522, 47
1651158990.475752, 48
1651158990.490510, 48
1651158990.504077, 48
1651158990.517663, 49
1651158990.531579, 49
1651158990.546063, 48
1651158990.560706, 47
1651158990.576414, 48
1651158990.590033, 48
1651158990.603833, 47
1651158990.617393, 48
1651158990.631972, 48
1651158990.647143, 49
1651158990.660880, 49
1651158990.674434, 49
1651158990.688166, 50
1651158990.703678, 49
1651158990.718329, 49
1651158990.731975, 49
1651158990.745645, 50
1651158990.759471, 50
1651158990.773988, 47
1651158990.787618, 47
1651158990.801320, 47
1651158990.815925, 47
1651158990.830651, 47
1651158990.844223, 47
1651158990.858937, 48
1651158990.872203, 48
1651158990.886674, 49
1651158990.902713, 49
1651158990.917467, 48
1651158990.935639, 49
1651158990.953222, 49
1651158990.970119, 48
1651158990.987236, 49
1651158991.002815, 48
1651158991.018726, 42
1651158991.033611, 36
1651158991.049852, 28
1651158991.065512, 23
1651158991.079434, 20
1651158991.093170, 22
1651158991.108949, 21
1651158991.123565, 21
1651158991.138018, 22
1651158991.153694, 22
1651158991.169868, 23
1651158991.184030, 22
1651158991.197669, 22
1651158991.212485, 22
1651158991.225897, 22
1651158991.241764, 23
1651158991.257638, 23
1651158991.273380, 22
1651158991.290686, 20
1651158991.308072, 23
1651158991.323496, 24
1651158991.336581, 24
1651158991.351368, 23
1651158991.365994, 24
1651158991.380572, 24
1651158991.395249, 23
1651158991.409859, 25
1651158991.424222, 24
1651158991.438855, 24
1651158991.453384, 24
1651158991.467026, 24
1651158991.480685, 23
1651158991.494260, 26
1651158991.507670, 26
1651158991.521441, 25
1651158991.535419, 25
1651158991.549205, 25
1651158991.562804, 25
1651158991.576314, 24
1651158991.590047, 24
1651158991.603731, 26
1651158991.617468, 25
1651158991.631052, 25
1651158991.645062, 24
1651158991.658853, 25
1651158991.672352, 27
1651158991.686106, 27
1651158991.700736, 27
1651158991.715544, 26
1651158991.729615, 27
1651158991.743675, 26
1651158991.757566, 27
1651158991.771251, 26
1651158991.784616, 27
1651158991.798008, 26
1651158991.811333, 26
1651158991.825271, 26
1651158991.843693, 28
1651158991.859827, 28
1651158991.874362, 28
1651158991.888059, 27
1651158991.902715, 28
1651158991.916313, 28
1651158991.930002, 27
1651158991.943708, 27
1651158991.957325, 28
1651158991.971969, 27
1651158991.986588, 27
1651158992.000256, 29
1651158992.014070, 28
1651158992.027584, 28
1651158992.042259, 29
1651158992.055615, 27
1651158992.068841, 28
1651158992.082378, 29
1651158992.095910, 29
1651158992.110606, 28
1651158992.124186, 28
1651158992.138988, 27
1651158992.152645, 27
1651158992.166326, 29
1651158992.180058, 29
1651158992.193699, 29
1651158992.207389, 28
1651158992.220879, 30
1651158992.234629, 30
1651158992.248356, 31
1651158992.261980, 31
1651158992.275559, 31
1651158992.288589, 31
1651158992.303951, 30
1651158992.318679, 30
1651158992.332152, 29
1651158992.345585, 30
1651158992.358736, 30
1651158992.372549, 29
1651158992.389284, 30
1651158992.402930, 29
1651158992.417353, 29
1651158992.432988, 31
1651158992.448050, 31
1651158992.463764, 32
1651158992.480438, 31
1651158992.496040, 31
1651158992.510513, 32
1651158992.524348, 31
1651158992.539004, 30
1651158992.552575, 32
1651158992.566275, 31
1651158992.579929, 30
1651158992.593241, 30
1651158992.606287, 30
1651158992.619670, 32
1651158992.633882, 32
1651158992.647186, 33
1651158992.661969, 33
1651158992.675520, 33
1651158992.690143, 32
1651158992.704017, 31
1651158992.718493, 32
1651158992.732588, 32
1651158992.746039, 32
1651158992.759817, 31
1651158992.774933, 31
1651158992.788595, 32
1651158992.802668, 31
1651158992.816132, 34
1651158992.830965, 34
1651158992.845940, 33
1651158992.859534, 33
1651158992.873790, 33
1651158992.887916, 33
1651158992.908095, 33
1651158992.922639, 34
1651158992.939341, 32
1651158992.954031, 34
1651158992.968507, 33
1651158992.982123, 33
1651158992.998307, 32
1651158993.018499, 33
1651158993.032216, 34
1651158993.045948, 34
1651158993.059515, 35
1651158993.073111, 35
1651158993.086676, 36
1651158993.101384, 34
1651158993.115978, 34
1651158993.130658, 34
1651158993.145213, 34
1651158993.158970, 33
1651158993.173585, 32
1651158993.188897, 33
1651158993.202852, 35
1651158993.219418, 35
1651158993.234060, 35
1651158993.251816, 34
1651158993.266265, 34
1651158993.281079, 36
1651158993.295794, 36
1651158993.310470, 35
1651158993.324129, 35
1651158993.340101, 35
1651158993.354869, 34
1651158993.369348, 35
1651158993.383078, 34
1651158993.396573, 36
1651158993.410299, 36
1651158993.423790, 36
1651158993.438235, 36
1651158993.451944, 36
1651158993.465610, 37
1651158993.480262, 36
1651158993.493958, 36
1651158993.507562, 36
1651158993.520863, 37
1651158993.534278, 36
1651158993.547525, 36
1651158993.562147, 36
1651158993.575940, 35
1651158993.590839, 35
1651158993.605449, 35
1651158993.619891, 36
1651158993.634654, 38
1651158993.647872, 38
1651158993.662661, 37
1651158993.676510, 38
1651158993.690336, 38
1651158993.704665, 37
1651158993.718474, 37
1651158993.732108, 37
1651158993.746051, 38
1651158993.759729, 37
1651158993.773640, 36
1651158993.797848, 37
1651158993.813376, 37
1651158993.826956, 36
1651158993.840651, 38
1651158993.856327, 38
1651158993.869948, 38
1651158993.884673, 38
1651158993.898456, 39
1651158993.912922, 39
1651158993.929586, 38
1651158993.943141, 38
1651158993.957453, 38
1651158993.971464, 38
1651158993.985351, 38
1651158994.000938, 37
1651158994.014564, 37
1651158994.028133, 38
1651158994.041442, 38
1651158994.055775, 38
1651158994.069331, 39
1651158994.083979, 39
1651158994.098927, 39
1651158994.112418, 40
1651158994.125975, 39
1651158994.139598, 40
1651158994.152837, 39
1651158994.168075, 39
1651158994.181907, 40
1651158994.195525, 40
1651158994.209230, 39
1651158994.222300, 39
1651158994.235535, 39
1651158994.248556, 40
1651158994.263046, 40
1651158994.276931, 40
1651158994.291355, 40
1651158994.312296, 40
1651158994.327812, 39
1651158994.342574, 41
1651158994.356154, 39
1651158994.370124, 40
1651158994.383486, 40
1651158994.403995, 41
1651158994.419650, 41
1651158994.433173, 39
1651158994.447105, 41
1651158994.460724, 40
1651158994.474320, 41
1651158994.488071, 40
1651158994.502714, 41
1651158994.516548, 42
1651158994.530161, 42
1651158994.544815, 41
1651158994.560401, 42
1651158994.575040, 41
1651158994.590685, 40
1651158994.605482, 41
1651158994.621758, 43
1651158994.636872, 42
1651158994.655615, 41
1651158994.674881, 42
1651158994.693775, 42
1651158994.712328, 41
1651158994.730879, 42
1651158994.747424, 42
1651158994.761991, 42
1651158994.778062, 42
1651158994.796289, 41
1651158994.813540, 40
1651158994.835297, 43
1651158994.853048, 42
1651158994.875411, 41
1651158994.890838, 43
1651158994.907340, 43
1651158994.927976, 43
1651158994.946268, 44
1651158994.967310, 43
1651158994.986467, 44
1651158995.006844, 42
1651158995.022125, 44
1651158995.037015, 43
1651158995.056825, 42
1651158995.077043, 44
1651158995.095503, 43
1651158995.113656, 44
1651158995.131228, 43
1651158995.146227, 43
1651158995.160266, 43
1651158995.174327, 45
1651158995.195059, 44
1651158995.209406, 45
1651158995.227873, 45
1651158995.242574, 46
1651158995.257425, 44
1651158995.271950, 43
1651158995.288203, 43
1651158995.305915, 43
1651158995.320612, 44
1651158995.337305, 43
1651158995.353051, 43
1651158995.371597, 45
1651158995.392763, 46
1651158995.407560, 45
1651158995.422742, 46
1651158995.438211, 45
1651158995.454176, 46
1651158995.477276, 43
1651158995.493979, 45
1651158995.509021, 44
1651158995.529166, 43
1651158995.544793, 44
1651158995.559384, 45
1651158995.573996, 45
1651158995.588706, 46
1651158995.605271, 46
1651158995.623858, 47
1651158995.639423, 47
1651158995.656728, 45
1651158995.672191, 46
1651158995.688708, 46
1651158995.703394, 46
1651158995.719213, 47
1651158995.734303, 46
1651158995.749370, 46
1651158995.763887, 46
1651158995.779251, 46
1651158995.793287, 45
1651158995.806759, 47
1651158995.821542, 46
1651158995.836120, 47
1651158995.850873, 47
1651158995.865441, 48
1651158995.880077, 47
1651158995.894622, 47
1651158995.909261, 47
1651158995.924108, 48
1651158995.938683, 48
1651158995.952424, 48
1651158995.967061, 47
1651158995.982239, 47
1651158995.999158, 46
1651158996.014032, 46
1651158996.028246, 46
1651158996.041680, 46
1651158996.056907, 47
1651158996.072590, 47
1651158996.087031, 49
1651158996.101174, 48
1651158996.115173, 48
1651158996.128887, 48
1651158996.142660, 49
1651158996.156240, 48
1651158996.170929, 48
1651158996.184578, 47
1651158996.199216, 48
1651158996.212951, 48
1651158996.226963, 47
1651158996.244918, 47
1651158996.258684, 48
1651158996.272573, 48
1651158996.286199, 47
1651158996.299778, 47
1651158996.314354, 49
1651158996.329219, 48
1651158996.343677, 50
1651158996.358229, 49
1651158996.372994, 49
1651158996.387651, 48
1651158996.402238, 49
1651158996.418542, 50
1651158996.432394, 47
1651158996.448177, 48
1651158996.462857, 49
1651158996.479159, 49
1651158996.492760, 48
1651158996.512660, 49
1651158996.527426, 49
1651158996.543002, 49
1651158996.557388, 50
1651158996.571201, 49
1651158996.586005, 50
1651158996.600472, 49
1651158996.615122, 50
1651158996.629873, 50
1651158996.645062, 49
1651158996.658807, 48
1651158996.674674, 48
1651158996.690029, 48
1651158996.703828, 48
1651158996.724276, 49
1651158996.737886, 49
1651158996.751625, 48
1651158996.767526, 47
1651158996.781151, 47
1651158996.795837, 48
1651158996.811060, 48
1651158996.826957, 47
1651158996.840988, 45
1651158996.855540, 43
1651158996.869163, 36
1651158996.882890, 30
1651158996.896631, 26
1651158996.910367, 22
1651158996.924224, 20
1651158996.937880, 21
1651158996.951603, 20
1651158996.965767, 22
1651158996.979953, 22
1651158996.994523, 21
1651158997.008159, 24
1651158997.021585, 22
1651158997.035235, 24
1651158997.049225, 23
1651158997.064986, 23
1651158997.079698, 23
1651158997.094214, 24
1651158997.110655, 23
1651158997.126445, 22
1651158997.141001, 22
1651158997.156687, 23
1651158997.170611, 24
1651158997.186997, 24
1651158997.206776, 24
1651158997.224842, 25
1651158997.239008, 22
1651158997.254579, 23
1651158997.268169, 24
1651158997.282914, 24
1651158997.298584, 24
1651158997.313076, 24
1651158997.326981, 25
1651158997.341345, 24
1651158997.357307, 26
1651158997.371314, 26
1651158997.386733, 25
1651158997.401861, 25
1651158997.415920, 25
1651158997.429452, 23
1651158997.447037, 24
1651158997.460476, 23
1651158997.475259, 25
1651158997.489890, 25
1651158997.509245, 25
1651158997.524430, 25
1651158997.540028, 26
1651158997.555184, 26
1651158997.574309, 27
1651158997.588054, 26
1651158997.603656, 26
1651158997.617847, 26
1651158997.633217, 26
1651158997.647164, 26
1651158997.661653, 27
1651158997.675340, 26
1651158997.689333, 27
1651158997.703079, 27
1651158997.718749, 27
1651158997.733584, 28
1651158997.747342, 27
1651158997.760994, 26
1651158997.774816, 27
1651158997.788530, 29
1651158997.802164, 28
1651158997.817322, 28
1651158997.831269, 27
1651158997.844260, 28
1651158997.860653, 26
1651158997.874283, 28
1651158997.888031, 28
1651158997.901722, 27
1651158997.915712, 28
1651158997.929353, 29
1651158997.944902, 29
1651158997.958581, 29
1651158997.972989, 28
1651158997.995665, 28
1651158998.012365, 28
1651158998.030891, 28
1651158998.048118, 28
1651158998.062531, 29
1651158998.077874, 29
1651158998.094461, 28
1651158998.108096, 28
1651158998.122810, 30
1651158998.138264, 30
1651158998.154091, 30
1651158998.168704, 29
1651158998.182456, 30
1651158998.196126, 29
1651158998.209849, 29
1651158998.223364, 29
1651158998.237961, 30
1651158998.251654, 30
1651158998.266240, 29
1651158998.280448, 29
1651158998.294699, 30
1651158998.308411, 31
1651158998.323134, 31
1651158998.336787, 32
1651158998.350500, 31
1651158998.364045, 31
1651158998.378762, 31
1651158998.392335, 30
1651158998.406035, 31
1651158998.419778, 31
1651158998.433829, 31
1651158998.447500, 31
1651158998.460967, 32
1651158998.476329, 30
1651158998.501314, 32
1651158998.526727, 32
1651158998.547385, 33
1651158998.571667, 31
1651158998.600364, 32
1651158998.632337, 31
1651158998.663811, 33
1651158998.687027, 32
1651158998.708597, 33
1651158998.727832, 34
1651158998.749051, 33
1651158998.763430, 33
1651158998.779445, 35
1651158998.795126, 34
1651158998.811304, 33
1651158998.828653, 34
1651158998.845925, 33
1651158998.861565, 33
1651158998.878918, 33
1651158998.895537, 33
1651158998.909044, 35
1651158998.922919, 34
1651158998.941209, 34
1651158998.954677, 35
1651158998.968683, 35
1651158998.983449, 35
1651158998.997158, 35
1651158999.011073, 34
1651158999.024664, 34
1651158999.038752, 34
1651158999.052327, 35
1651158999.066047, 35
1651158999.079554, 34
1651158999.092789, 34
1651158999.106004, 36
1651158999.119780, 35
1651158999.133874, 35
1651158999.149288, 35
1651158999.162925, 37
1651158999.183189, 36
1651158999.197760, 35
1651158999.213067, 35
1651158999.226341, 36
1651158999.239933, 35
1651158999.254206, 35
1651158999.267881, 35
1651158999.281490, 36
1651158999.295190, 35
1651158999.308463, 34
1651158999.321595, 37
1651158999.335417, 37
1651158999.348879, 36
1651158999.362654, 36
1651158999.376327, 37
1651158999.389860, 38
1651158999.403572, 36
1651158999.417239, 35
1651158999.430691, 37
1651158999.443985, 37
1651158999.457213, 36
1651158999.473580, 36
1651158999.487343, 36
1651158999.502593, 36
1651158999.516580, 36
1651158999.531298, 38
1651158999.544917, 38
1651158999.560490, 37
1651158999.574114, 38
1651158999.588008, 39
1651158999.602537, 39
1651158999.618672, 37
1651158999.632744, 37
1651158999.646851, 37
1651158999.661363, 37
1651158999.675064, 37
1651158999.688656, 37
1651158999.702444, 37
1651158999.717965, 37
1651158999.733596, 37
1651158999.747372, 38
1651158999.760961, 38
1651158999.775788, 39
1651158999.790204, 39
1651158999.803858, 40
1651158999.818508, 38
1651158999.833074, 38
1651158999.846781, 38
1651158999.860520, 38
1651158999.874047, 39
1651158999.888178, 39
1651158999.902345, 38
1651158999.916171, 39
1651158999.929662, 38
1651158999.943559, 40
1651158999.958027, 38
1651158999.971769, 40
1651158999.985408, 40
1651158999.999052, 40
1651159000.012650, 40
1651159000.025893, 40
1651159000.039156, 39
1651159000.053886, 39
1651159000.067700, 39
1651159000.081858, 39
1651159000.095940, 39
1651159000.110413, 38
1651159000.126129, 40
1651159000.141656, 39
1651159000.158437, 41
1651159000.172013, 40
1651159000.185654, 40
1651159000.199496, 40
1651159000.212959, 41
1651159000.226225, 41
1651159000.239517, 42
1651159000.252957, 40
1651159000.266350, 41
1651159000.279970, 40
1651159000.294998, 40
1651159000.308723, 39
1651159000.322376, 41
1651159000.336053, 39
1651159000.350744, 40
1651159000.364409, 41
1651159000.377991, 41
1651159000.393506, 42
1651159000.408268, 41
1651159000.422515, 42
1651159000.436348, 43
1651159000.450821, 43
1651159000.468612, 41
1651159000.482199, 42
1651159000.496554, 41
1651159000.510970, 41
1651159000.525266, 41
1651159000.540046, 41
1651159000.553756, 41
1651159000.568150, 41
1651159000.583857, 42
1651159000.598622, 42
1651159000.612255, 42
1651159000.625909, 43
1651159000.640524, 43
1651159000.654976, 42
1651159000.672311, 42
1651159000.686990, 42
1651159000.702630, 42
1651159000.718168, 41
1651159000.732906, 43
1651159000.747450, 42
1651159000.763168, 42
1651159000.777742, 41
1651159000.791412, 42
1651159000.804819, 44
1651159000.818602, 43
1651159000.832207, 44
1651159000.845973, 43
1651159000.859525, 43
1651159000.873414, 44
1651159000.891970, 44
1651159000.910455, 44
1651159000.926248, 44
1651159000.940372, 43
1651159000.958740, 43
1651159000.978202, 44
1651159000.995499, 43
1651159001.011342, 43
1651159001.029550, 45
1651159001.045207, 45
1651159001.060897, 44
1651159001.076114, 44
1651159001.092115, 44
1651159001.108628, 45
1651159001.125685, 44
1651159001.142974, 44
1651159001.161544, 44
1651159001.176286, 44
1651159001.191573, 45
1651159001.209365, 44
1651159001.226108, 44
1651159001.242048, 44
1651159001.257876, 45
1651159001.275720, 45
1651159001.292114, 46
1651159001.307718, 46
1651159001.326090, 46
1651159001.340900, 45
1651159001.357432, 46
1651159001.373549, 44
1651159001.389238, 45
1651159001.405458, 46
1651159001.423570, 46
1651159001.442372, 45
1651159001.456117, 45
1651159001.475542, 44
1651159001.490490, 46
1651159001.503990, 46
1651159001.518398, 46
1651159001.533052, 47
1651159001.546830, 47
1651159001.560517, 47
1651159001.576135, 46
1651159001.592884, 48
1651159001.608756, 46
1651159001.623599, 45
1651159001.638216, 44
1651159001.652268, 46
1651159001.666870, 45
1651159001.680486, 46
1651159001.694319, 46
1651159001.708076, 45
1651159001.721691, 46
1651159001.736436, 46
1651159001.750231, 46
1651159001.763864, 48
1651159001.777771, 46
1651159001.792216, 47
1651159001.805740, 48
1651159001.819665, 48
1651159001.835504, 47
1651159001.848633, 46
1651159001.862578, 47
1651159001.877259, 46
1651159001.892471, 46
1651159001.906109, 46
1651159001.923524, 47
1651159001.939914, 47
1651159001.955747, 48
1651159001.977808, 48
1651159001.995837, 50
1651159002.011502, 48
1651159002.027025, 48
1651159002.042800, 48
1651159002.058455, 50
1651159002.076044, 47
1651159002.090665, 47
1651159002.111212, 48
1651159002.128414, 47
1651159002.144553, 47
1651159002.160841, 47
1651159002.175314, 48
1651159002.191113, 48
1651159002.207764, 49
1651159002.224282, 49
1651159002.240866, 49
1651159002.257366, 49
1651159002.273930, 49
1651159002.290721, 48
1651159002.306097, 50
1651159002.322419, 48
1651159002.342508, 49
1651159002.357104, 48
1651159002.373881, 48
1651159002.391226, 49
1651159002.408638, 48
1651159002.425999, 48
1651159002.442541, 49
1651159002.458109, 49
1651159002.475711, 48
1651159002.489473, 49
1651159002.504450, 48
1651159002.520432, 49
1651159002.538283, 48
1651159002.554603, 48
1651159002.569931, 47
1651159002.586595, 47
1651159002.600171, 46
1651159002.613887, 46
1651159002.627578, 46
1651159002.641411, 45
1651159002.655127, 45
1651159002.668940, 45
1651159002.683088, 46
1651159002.696736, 44
1651159002.710402, 40
1651159002.724162, 36
1651159002.737783, 31
1651159002.751426, 25
1651159002.765109, 21
1651159002.779753, 20
1651159002.793530, 22
1651159002.807158, 21
1651159002.820698, 22
1651159002.834367, 22
1651159002.848208, 22
1651159002.861878, 22
1651159002.875570, 24
1651159002.889254, 23
1651159002.902454, 24
1651159002.916044, 22
1651159002.929613, 23
1651159002.946939, 23
1651159002.965916, 23
1651159002.984275, 21
1651159003.003793, 24
1651159003.023556, 22
1651159003.038736, 24
1651159003.055689, 24
1651159003.073333, 24
1651159003.091424, 24
1651159003.108930, 24
1651159003.125013, 23
1651159003.142515, 22
1651159003.158843, 23
1651159003.174337, 23
1651159003.191030, 24
1651159003.207461, 25
1651159003.224497, 25
1651159003.241006, 25
1651159003.256342, 26
1651159003.273880, 25
1651159003.290532, 26
1651159003.307954, 25
1651159003.325652, 25
1651159003.340242, 26
1651159003.356186, 25
1651159003.372775, 26
1651159003.389946, 24
1651159003.408592, 26
1651159003.423981, 26
1651159003.443029, 26
1651159003.458874, 27
1651159003.474401, 27
1651159003.488508, 26
1651159003.506905, 26
1651159003.521178, 26
1651159003.535035, 25
1651159003.548678, 27
1651159003.563453, 26
1651159003.577982, 26
1651159003.591662, 28
1651159003.605283, 28
1651159003.619016, 28
1651159003.632635, 28
1651159003.647064, 28
1651159003.662000, 27
1651159003.675939, 27
1651159003.690234, 28
1651159003.704608, 28
1651159003.719278, 28
1651159003.733016, 27
1651159003.746799, 26
1651159003.761512, 27
1651159003.775171, 29
1651159003.790701, 29
1651159003.805385, 29
1651159003.819109, 29
1651159003.834025, 29
1651159003.847483, 28
1651159003.863272, 28
1651159003.876706, 29
1651159003.890630, 29
1651159003.904471, 29
1651159003.918158, 28
1651159003.932001, 29
1651159003.945544, 29
1651159003.959203, 29
1651159003.972706, 31
1651159003.986707, 31
1651159004.000366, 31
1651159004.014273, 30
1651159004.029777, 30
1651159004.043812, 29
1651159004.057514, 30
1651159004.071452, 29
1651159004.085127, 29
1651159004.099723, 29
1651159004.113402, 30
1651159004.127146, 29
1651159004.141650, 30
1651159004.155806, 32
1651159004.169879, 31
1651159004.189107, 31
1651159004.203802, 31
1651159004.217654, 31
1651159004.231204, 31
1651159004.244823, 32
1651159004.258650, 32
1651159004.272151, 31
1651159004.286133, 30
1651159004.299576, 31
1651159004.313187, 32
1651159004.326976, 31
1651159004.340453, 33
1651159004.357121, 32
1651159004.372103, 33
1651159004.387443, 32
1651159004.406040, 32
1651159004.423296, 33
1651159004.443765, 32
1651159004.462309, 32
1651159004.479820, 32
1651159004.495847, 32
1651159004.510955, 33
1651159004.525852, 33
1651159004.540829, 34
1651159004.557719, 32
1651159004.577865, 31
1651159004.594621, 34
1651159004.611671, 33
1651159004.627109, 32
1651159004.643810, 34
1651159004.663430, 33
1651159004.684760, 33
1651159004.704761, 33
1651159004.724306, 32
1651159004.741592, 33
1651159004.756726, 36
1651159004.775915, 36
1651159004.791287, 37
1651159004.809573, 34
1651159004.829600, 34
1651159004.855317, 35
1651159004.872697, 33
1651159004.889918, 33
1651159004.910782, 34
1651159004.926274, 34
1651159004.942357, 34
1651159004.955559, 34
1651159004.970167, 35
1651159004.985988, 36
1651159005.000678, 36
1651159005.016468, 34
1651159005.030159, 35
1651159005.043646, 35
1651159005.058215, 34
1651159005.072078, 34
1651159005.086739, 35
1651159005.100429, 35
1651159005.115599, 36
1651159005.128568, 34
1651159005.142379, 35
1651159005.166672, 36
1651159005.182418, 35
1651159005.195919, 37
1651159005.209702, 38
1651159005.224211, 38
1651159005.238075, 37
1651159005.251662, 36
1651159005.266225, 36
1651159005.279835, 36
1651159005.294643, 37
1651159005.308178, 35
1651159005.321884, 37
1651159005.335469, 36
1651159005.349341, 36
1651159005.362697, 36
1651159005.376450, 38
1651159005.390142, 37
1651159005.403791, 39
1651159005.418428, 39
1651159005.431871, 38
1651159005.445590, 38
1651159005.461223, 38
1651159005.474655, 37
1651159005.488254, 38
1651159005.503904, 38
1651159005.520090, 39
1651159005.537105, 37
1651159005.551388, 39
1651159005.564882, 38
1651159005.578569, 38
1651159005.592198, 38
1651159005.606515, 38
1651159005.620201, 39
1651159005.642151, 40
1651159005.656321, 38
1651159005.671002, 37
1651159005.686738, 39
1651159005.700198, 37
1651159005.715864, 37
1651159005.730603, 37
1651159005.744005, 36
1651159005.758753, 39
1651159005.773578, 39
1651159005.787335, 40
1651159005.801321, 40
1651159005.815023, 38
1651159005.829369, 39
1651159005.843202, 39
1651159005.856879, 41
1651159005.874344, 40
1651159005.889944, 39
1651159005.904574, 38
1651159005.922273, 39
1651159005.939798, 40
1651159005.958663, 40
1651159005.976936, 40
1651159005.993319, 39
1651159006.009994, 40
1651159006.027611, 40
1651159006.044270, 41
1651159006.060684, 40
1651159006.077613, 42
1651159006.094085, 40
1651159006.108516, 40
1651159006.126300, 38
1651159006.142003, 40
1651159006.158380, 40
1651159006.174551, 41
1651159006.190622, 39
1651159006.208348, 40
1651159006.225712, 42
1651159006.239938, 42
1651159006.258014, 41
1651159006.273518, 42
1651159006.291246, 41
1651159006.308698, 42
1651159006.324429, 41
1651159006.340882, 41
1651159006.357935, 41
1651159006.373469, 41
1651159006.391852, 40
1651159006.407824, 42
1651159006.424416, 41
1651159006.439515, 42
1651159006.455105, 42
1651159006.475288, 42
1651159006.489825, 42
1651159006.506454, 42
1651159006.527084, 43
1651159006.541838, 42
1651159006.555348, 43
1651159006.568396, 42
1651159006.581916, 42
1651159006.596432, 43
1651159006.609589, 42
1651159006.624045, 42
1651159006.637341, 40
1651159006.651685, 42
1651159006.665791, 43
1651159006.680027, 44
1651159006.693500, 43
1651159006.707357, 43
1651159006.720955, 43
1651159006.734483, 44
1651159006.747508, 44
1651159006.760492, 43
1651159006.773782, 43
1651159006.787249, 43
1651159006.801058, 44
1651159006.816568, 43
1651159006.831267, 43
1651159006.844986, 43
1651159006.862468, 44
1651159006.879466, 43
1651159006.895663, 44
1651159006.913422, 44
1651159006.929057, 44
1651159006.944546, 44
1651159006.959677, 45
1651159006.977670, 45
1651159006.993424, 44
1651159007.010934, 44
1651159007.026575, 44
1651159007.042121, 45
1651159007.058809, 44
1651159007.075553, 43
1651159007.092053, 44
1651159007.108424, 44
1651159007.125969, 45
1651159007.143578, 45
1651159007.159194, 45
1651159007.177962, 46
1651159007.193383, 45
1651159007.210013, 45
1651159007.224780, 45
1651159007.239982, 45
1651159007.255331, 45
1651159007.273087, 44
1651159007.287511, 44
1651159007.304612, 46
1651159007.321295, 45
1651159007.338172, 45
1651159007.352628, 46
1651159007.366237, 47
1651159007.381031, 47
1651159007.394698, 47
1651159007.408660, 46
1651159007.423590, 47
1651159007.437076, 47
1651159007.454354, 47
1651159007.468281, 45
1651159007.483052, 45
1651159007.497686, 45
1651159007.512689, 47
1651159007.530248, 46
1651159007.545874, 47
1651159007.561490, 46
1651159007.576155, 46
1651159007.591744, 48
1651159007.609294, 49
1651159007.627177, 48
1651159007.644227, 49
1651159007.658466, 48
1651159007.676855, 47
1651159007.692453, 46
1651159007.709999, 46
1651159007.726556, 47
1651159007.744442, 46
1651159007.761771, 46
1651159007.776677, 46
1651159007.793892, 47
1651159007.809054, 47
1651159007.824415, 49
1651159007.841779, 48
1651159007.858453, 49
1651159007.875181, 47
1651159007.890584, 49
1651159007.906653, 48
1651159007.921307, 49
1651159007.939953, 48
1651159007.957005, 48
1651159007.973450, 48
1651159007.989841, 46
1651159008.006536, 46
1651159008.022960, 46
1651159008.039456, 47
1651159008.055823, 49
1651159008.074311, 49
1651159008.088747, 47
1651159008.102335, 49
1651159008.116035, 48
1651159008.130085, 48
1651159008.143566, 49
1651159008.157138, 48
1651159008.172063, 48
1651159008.187627, 48
1651159008.205284, 48
1651159008.221905, 46
1651159008.235894, 46
1651159008.251284, 45
1651159008.266232, 45
1651159008.279678, 45
1651159008.296463, 46
1651159008.314951, 44
1651159008.329686, 45
1651159008.343249, 40
1651159008.357926, 37
1651159008.372556, 31
1651159008.386206, 25
1651159008.403236, 21
1651159008.418987, 20
1651159008.434315, 20
1651159008.451013, 21
1651159008.465363, 19
1651159008.481366, 21
1651159008.500719, 21
1651159008.519846, 23
1651159008.541381, 23
1651159008.561678, 22
1651159008.575966, 23
1651159008.594998, 21
1651159008.610981, 22
1651159008.627057, 22
1651159008.643486, 22
1651159008.659260, 22
1651159008.676540, 23
1651159008.692437, 24
1651159008.710250, 24
1651159008.726113, 23
1651159008.744390, 22
1651159008.760288, 23
1651159008.778955, 22
1651159008.794219, 24
1651159008.811932, 24
1651159008.827454, 23
1651159008.842901, 23
1651159008.858705, 25
1651159008.874472, 25
1651159008.889414, 26
1651159008.904382, 24
1651159008.920634, 23
1651159008.939157, 25
1651159008.955266, 25
1651159008.972568, 24
1651159008.987984, 24
1651159009.005820, 25
1651159009.020493, 26
1651159009.035948, 26
1651159009.049869, 25
1651159009.063513, 27
1651159009.077219, 26
1651159009.091013, 26
1651159009.104835, 25
1651159009.118221, 26
1651159009.131932, 26
1651159009.146761, 26
1651159009.161212, 25
1651159009.178827, 26
1651159009.196437, 26
1651159009.213209, 28
1651159009.228582, 28
1651159009.246627, 28
1651159009.262111, 27
1651159009.277759, 27
1651159009.293971, 27
1651159009.309512, 27
1651159009.325498, 28
1651159009.341843, 28
1651159009.358036, 27
1651159009.377627, 28
1651159009.395504, 28
1651159009.412234, 28
1651159009.429364, 28
1651159009.449496, 30
1651159009.477109, 28
1651159009.493435, 28
1651159009.508982, 28
1651159009.523468, 28
1651159009.540989, 28
1651159009.556608, 28
1651159009.571629, 28
1651159009.592779, 29
1651159009.606783, 30
1651159009.625621, 30
1651159009.639878, 31
1651159009.655900, 29
1651159009.671202, 29
1651159009.688206, 28
1651159009.706224, 29
1651159009.720385, 29
1651159009.735627, 29
1651159009.751814, 29
1651159009.765543, 29
1651159009.779208, 30
1651159009.792843, 31
1651159009.806540, 31
1651159009.820487, 31
1651159009.842825, 30
1651159009.859218, 31
1651159009.872983, 29
1651159009.886642, 30
1651159009.901220, 30
1651159009.916079, 30
1651159009.933677, 30
1651159009.950085, 31
1651159009.973839, 31
1651159009.995184, 32
1651159010.011631, 32
1651159010.027385, 32
1651159010.043752, 32
1651159010.059705, 31
1651159010.075955, 30
1651159010.092563, 32
1651159010.109414, 32
1651159010.127929, 33
1651159010.142341, 32
1651159010.158849, 32
1651159010.174985, 32
1651159010.193746, 33
1651159010.210786, 33
1651159010.228179, 32
1651159010.243705, 34
1651159010.260502, 33
1651159010.276042, 32
1651159010.292827, 33
1651159010.311604, 33
1651159010.325978, 33
1651159010.340377, 32
1651159010.355870, 33
1651159010.375463, 32
1651159010.389952, 33
1651159010.404970, 34
1651159010.421004, 34
1651159010.441327, 35
1651159010.462192, 35
1651159010.476444, 31
1651159010.490137, 32
1651159010.508404, 34
1651159010.522627, 36
1651159010.536714, 34
1651159010.550820, 33
1651159010.569051, 35
1651159010.586789, 35
1651159010.600393, 35
1651159010.615895, 34
1651159010.631544, 34
1651159010.645412, 35
1651159010.662810, 35
1651159010.679454, 33
1651159010.692722, 35
1651159010.709605, 33
1651159010.724399, 34
1651159010.741074, 36
1651159010.755174, 35
1651159010.772284, 35
1651159010.787473, 34
1651159010.801424, 37
1651159010.819089, 36
1651159010.837652, 36
1651159010.857103, 36
1651159010.876276, 35
1651159010.893259, 35
1651159010.908064, 35
1651159010.927083, 36
1651159010.942706, 36
1651159010.960161, 37
1651159010.979487, 35
1651159010.994881, 36
1651159011.011463, 37
1651159011.028257, 38
1651159011.042818, 38
1651159011.061062, 37
1651159011.076499, 38
1651159011.093879, 37
1651159011.109783, 35
1651159011.125502, 37
1651159011.141213, 38
1651159011.157708, 37
1651159011.173312, 37
1651159011.189472, 38
1651159011.206602, 38
1651159011.223553, 37
1651159011.240936, 38
1651159011.259420, 38
1651159011.275237, 38
1651159011.293404, 38
1651159011.309986, 38
1651159011.325543, 37
1651159011.339187, 37
1651159011.353052, 39
1651159011.366664, 39
1651159011.381165, 37
1651159011.394923, 39
1651159011.408795, 38
1651159011.423328, 38
1651159011.448696, 40
1651159011.463155, 40
1651159011.476988, 38
1651159011.491184, 40
1651159011.507240, 39
1651159011.522684, 39
1651159011.538020, 38
1651159011.552630, 38
1651159011.567417, 39
1651159011.584121, 40
1651159011.597566, 38
1651159011.615171, 39
1651159011.629895, 39
1651159011.643808, 39
1651159011.666734, 38
1651159011.682159, 40
1651159011.696162, 40
1651159011.710428, 40
1651159011.724108, 40
1651159011.740682, 41
1651159011.755715, 41
1651159011.770112, 40
1651159011.783758, 40
1651159011.798273, 41
1651159011.811874, 41
1651159011.825756, 40
1651159011.839259, 41
1651159011.853096, 42
1651159011.867047, 40
1651159011.881560, 40
1651159011.895116, 42
1651159011.908784, 40
1651159011.923396, 41
1651159011.938098, 41
1651159011.954675, 41
1651159011.971758, 42
1651159011.989790, 40
1651159012.005877, 40
1651159012.024179, 41
1651159012.041487, 41
1651159012.059475, 40
1651159012.076784, 41
1651159012.091237, 42
1651159012.110380, 41
1651159012.125541, 42
1651159012.141031, 43
1651159012.156759, 44
1651159012.173250, 43
1651159012.187818, 42
1651159012.201750, 42
1651159012.221172, 41
1651159012.234892, 40
1651159012.248544, 43
1651159012.262130, 42
1651159012.276003, 42
1651159012.290516, 42
1651159012.304086, 42
1651159012.317570, 42
1651159012.332784, 43
1651159012.346500, 43
1651159012.360315, 44
1651159012.374703, 44
1651159012.388373, 44
1651159012.402455, 44
1651159012.416685, 43
1651159012.430772, 43
1651159012.444609, 43
1651159012.460331, 42
1651159012.477006, 42
1651159012.494688, 43
1651159012.508279, 44
1651159012.522500, 43
1651159012.538600, 45
1651159012.552810, 44
1651159012.567642, 44
1651159012.582166, 44
1651159012.595939, 45
1651159012.610420, 45
1651159012.624029, 45
1651159012.637692, 44
1651159012.652274, 44
1651159012.666350, 44
1651159012.680635, 43
1651159012.697128, 42
1651159012.712022, 42
1651159012.726482, 43
1651159012.740369, 45
1651159012.755945, 44
1651159012.770541, 44
1651159012.784940, 45
1651159012.799747, 45
1651159012.814295, 45
1651159012.828218, 44
1651159012.841674, 45
1651159012.856555, 46
1651159012.871379, 44
1651159012.888133, 42
1651159012.904528, 45
1651159012.918096, 43
1651159012.932909, 45
1651159012.948250, 45
1651159012.969917, 44
1651159012.984802, 45
1651159013.000397, 45
1651159013.015873, 44
1651159013.030478, 46
1651159013.045057, 46
1651159013.059038, 46
1651159013.072344, 46
1651159013.086031, 47
1651159013.099676, 46
1651159013.114374, 46
1651159013.128121, 44
1651159013.141821, 45
1651159013.155543, 46
1651159013.169312, 46
1651159013.182949, 45
1651159013.196856, 45
1651159013.211417, 46
1651159013.224894, 45
1651159013.238755, 48
1651159013.252376, 48
1651159013.266921, 47
1651159013.280496, 47
1651159013.294167, 47
1651159013.307381, 48
1651159013.320803, 48
1651159013.334144, 48
1651159013.347816, 47
1651159013.361547, 46
1651159013.375099, 47
1651159013.388750, 47
1651159013.402703, 47
1651159013.416526, 46
1651159013.432475, 47
1651159013.446131, 46
1651159013.460702, 47
1651159013.475534, 47
1651159013.489121, 48
1651159013.503668, 48
1651159013.518050, 49
1651159013.533437, 49
1651159013.547151, 48
1651159013.560891, 49
1651159013.575503, 48
1651159013.589060, 47
1651159013.602790, 47
1651159013.618552, 47
1651159013.632085, 46
1651159013.645439, 49
1651159013.660138, 47
1651159013.674678, 47
1651159013.688399, 47
1651159013.702074, 48
1651159013.717603, 48
1651159013.733321, 48
1651159013.747055, 47
1651159013.760657, 50
1651159013.774208, 49
1651159013.790086, 49
1651159013.805106, 48
1651159013.818635, 49
1651159013.833069, 47
1651159013.846839, 49
1651159013.862541, 48
1651159013.876080, 49
1651159013.889697, 48
1651159013.903333, 49
1651159013.917936, 48
1651159013.932000, 49
1651159013.945592, 49
1651159013.960248, 49
1651159013.974177, 48
1651159013.988518, 49
1651159014.002466, 49
1651159014.016954, 49
1651159014.030986, 49
1651159014.045211, 49
1651159014.059909, 48
1651159014.074414, 48
1651159014.088082, 47
1651159014.101821, 48
1651159014.116448, 47
1651159014.130298, 49
1651159014.143797, 47
1651159014.158580, 46
1651159014.173144, 48
1651159014.186790, 47
1651159014.202709, 39
1651159014.217920, 34
1651159014.231622, 28
1651159014.245239, 20
1651159014.259003, 20
1651159014.272781, 22
1651159014.287376, 21
1651159014.301866, 22
1651159014.315642, 21
1651159014.333219, 22
1651159014.347020, 22
1651159014.360420, 24
1651159014.375147, 23
1651159014.388673, 23
1651159014.403410, 24
1651159014.418981, 22
1651159014.434120, 23
1651159014.448778, 22
1651159014.465566, 23
1651159014.480111, 21
1651159014.495237, 24
1651159014.509362, 23
1651159014.523312, 24
1651159014.539024, 24
1651159014.553077, 25
1651159014.568122, 24
1651159014.582235, 25
1651159014.596391, 23
1651159014.610105, 24
1651159014.623687, 23
1651159014.638259, 24
1651159014.653471, 23
1651159014.668067, 23
1651159014.682921, 24
1651159014.698379, 25
1651159014.713071, 25
1651159014.727869, 27
1651159014.749326, 26
1651159014.769071, 26
1651159014.786395, 25
1651159014.805731, 25
1651159014.819384, 25
1651159014.833264, 26
1651159014.848124, 25
1651159014.862634, 25
1651159014.876394, 25
1651159014.890232, 27
1651159014.903874, 26
1651159014.917893, 27
1651159014.931957, 26
1651159014.946066, 27
1651159014.959864, 27
1651159014.974372, 26
1651159014.988093, 27
1651159015.001665, 27
1651159015.016422, 26
1651159015.031019, 26
1651159015.044661, 26
1651159015.057962, 27
1651159015.071982, 27
1651159015.086090, 28
1651159015.100324, 27
1651159015.114090, 28
1651159015.127717, 27
1651159015.142344, 27
1651159015.156214, 27
1651159015.170741, 27
1651159015.185352, 28
1651159015.199165, 27
1651159015.215662, 28
1651159015.234856, 27
1651159015.255776, 27
1651159015.273465, 29
1651159015.291925, 30
1651159015.309451, 29
1651159015.327093, 30
1651159015.342827, 29
1651159015.361147, 28
1651159015.381681, 29
1651159015.397448, 29
1651159015.413730, 28
1651159015.428099, 29
1651159015.444033, 28
1651159015.460436, 31
1651159015.484176, 30
1651159015.500001, 30
1651159015.514682, 30
1651159015.529723, 32
1651159015.547172, 30
1651159015.561732, 30
1651159015.577299, 29
1651159015.592061, 30
1651159015.608379, 29
1651159015.624934, 31
1651159015.641744, 31
1651159015.659559, 31
1651159015.675486, 31
1651159015.689902, 31
1651159015.707511, 33
1651159015.723624, 32
1651159015.740448, 30
1651159015.758432, 31
1651159015.773613, 31
1651159015.787573, 31
1651159015.803029, 32
1651159015.816635, 31
1651159015.830292, 32
1651159015.843885, 31
1651159015.857598, 32
1651159015.871267, 32
1651159015.884894, 33
1651159015.900069, 33
1651159015.914450, 33
1651159015.928235, 33
1651159015.941997, 32
1651159015.958410, 31
1651159015.972924, 32
1651159015.986668, 33
1651159016.000395, 31
1651159016.014042, 32
1651159016.027632, 32
1651159016.042294, 32
1651159016.056012, 33
1651159016.070659, 33
1651159016.084221, 34
1651159016.099048, 34
1651159016.113547, 34
1651159016.128210, 33
1651159016.142130, 33
1651159016.156011, 34
1651159016.170720, 33
1651159016.187074, 33
1651159016.205716, 34
1651159016.225089, 33
1651159016.240586, 33
1651159016.255906, 34
1651159016.275057, 34
1651159016.292823, 34
1651159016.309113, 35
1651159016.327569, 33
1651159016.344013, 34
1651159016.359834, 35
1651159016.375420, 35
1651159016.391107, 34
1651159016.406264, 35
1651159016.421036, 34
1651159016.439171, 34
1651159016.455266, 37
1651159016.483767, 37
1651159016.497539, 35
1651159016.513253, 36
1651159016.532026, 34
1651159016.553436, 34
1651159016.575060, 35
1651159016.591579, 35
1651159016.610041, 36
1651159016.624890, 35
1651159016.640236, 36
1651159016.656920, 36
1651159016.674358, 36
1651159016.692848, 37
1651159016.709462, 36
1651159016.723701, 37
1651159016.741562, 37
1651159016.758107, 37
1651159016.775708, 36
1651159016.792578, 36
1651159016.809682, 37
1651159016.824247, 36
1651159016.838867, 37
1651159016.855698, 36
1651159016.874017, 38
1651159016.893022, 37
1651159016.909353, 39
1651159016.925935, 39
1651159016.942439, 38
1651159016.956982, 37
1651159016.973579, 37
1651159016.995095, 36
1651159017.011644, 37
1651159017.025414, 37
1651159017.040885, 37
1651159017.055670, 37
1651159017.074858, 38
1651159017.094680, 39
1651159017.109418, 39
1651159017.126840, 39
1651159017.144041, 39
1651159017.160289, 39
1651159017.176750, 38
1651159017.191803, 39
1651159017.206582, 37
1651159017.225784, 38
1651159017.242937, 38
1651159017.256727, 39
1651159017.271351, 38
1651159017.285460, 38
1651159017.300569, 41
1651159017.314606, 40
1651159017.329327, 41
1651159017.346163, 40
1651159017.362554, 40
1651159017.379812, 39
1651159017.396712, 39
1651159017.412935, 40
1651159017.429778, 39
1651159017.446334, 39
1651159017.460053, 40
1651159017.475611, 40
1651159017.494237, 40
1651159017.509554, 40
1651159017.523334, 42
1651159017.537064, 41
1651159017.550754, 41
1651159017.564380, 41
1651159017.579028, 41
1651159017.593228, 41
1651159017.607356, 39
1651159017.621877, 40
1651159017.636540, 40
1651159017.650062, 40
1651159017.663299, 40
1651159017.676772, 41
1651159017.691165, 40
1651159017.706612, 39
1651159017.720530, 41
1651159017.734553, 42
1651159017.749014, 40
1651159017.762844, 41
1651159017.776450, 43
1651159017.791166, 43
1651159017.805779, 42
1651159017.819460, 41
1651159017.835048, 40
1651159017.849699, 41
1651159017.864445, 41
1651159017.879217, 41
1651159017.894136, 42
1651159017.908386, 41
1651159017.921964, 40
1651159017.936443, 41
1651159017.953265, 42
1651159017.967954, 42
1651159017.985134, 42
1651159018.000879, 43
1651159018.014738, 43
1651159018.028747, 43
1651159018.046874, 42
1651159018.063318, 43
1651159018.077539, 42
1651159018.096048, 42
1651159018.110324, 43
1651159018.123816, 42
1651159018.138479, 42
1651159018.153187, 42
1651159018.167765, 44
1651159018.181710, 44
1651159018.201111, 43
1651159018.215932, 42
1651159018.234693, 44
1651159018.251055, 44
1651159018.266051, 44
1651159018.279288, 43
1651159018.295140, 43
1651159018.308570, 44
1651159018.322527, 43
1651159018.336046, 43
1651159018.353456, 42
1651159018.368102, 44
1651159018.381815, 42
1651159018.395419, 43
1651159018.410075, 44
1651159018.423384, 44
1651159018.437087, 45
1651159018.450763, 45
1651159018.465367, 45
1651159018.479109, 44
1651159018.492906, 45
1651159018.506042, 45
1651159018.519339, 44
1651159018.533078, 44
1651159018.546409, 44
1651159018.563025, 43
1651159018.576635, 43
1651159018.590238, 44
1651159018.603954, 44
1651159018.618644, 45
1651159018.632183, 46
1651159018.646479, 45
1651159018.660106, 46
1651159018.673771, 46
1651159018.687417, 45
1651159018.701139, 46
1651159018.714919, 45
1651159018.728427, 46
1651159018.743119, 46
1651159018.757943, 46
1651159018.771912, 45
1651159018.786206, 45
1651159018.800695, 46
1651159018.814327, 45
1651159018.828149, 45
1651159018.841676, 45
1651159018.855232, 46
1651159018.868999, 47
1651159018.884711, 46
1651159018.898511, 47
1651159018.912861, 47
1651159018.927707, 46
1651159018.941404, 46
1651159018.956336, 46
1651159018.969801, 46
1651159018.983613, 46
1651159018.997446, 46
1651159019.015708, 45
1651159019.030123, 46
1651159019.044797, 47
1651159019.058835, 46
1651159019.073250, 46
1651159019.087036, 46
1651159019.102797, 47
1651159019.116683, 47
1651159019.131369, 48
1651159019.144811, 46
1651159019.158663, 47
1651159019.172218, 47
1651159019.186923, 49
1651159019.201539, 47
1651159019.214989, 47
1651159019.228936, 46
1651159019.243503, 46
1651159019.260081, 47
1651159019.273697, 47
1651159019.290326, 47
1651159019.310900, 47
1651159019.327859, 48
1651159019.348051, 46
1651159019.361594, 49
1651159019.375423, 48
1651159019.391844, 50
1651159019.410416, 49
1651159019.428465, 48
1651159019.443257, 49
1651159019.457198, 48
1651159019.476368, 48
1651159019.492779, 47
1651159019.510689, 48
1651159019.528131, 47
1651159019.543659, 48
1651159019.559956, 49
1651159019.574999, 49
1651159019.591904, 49
1651159019.609459, 49
1651159019.625053, 49
1651159019.640742, 48
1651159019.658570, 50
1651159019.672936, 48
1651159019.690677, 49
1651159019.704194, 47
1651159019.721791, 47
1651159019.738352, 48
1651159019.755047, 48
1651159019.776519, 47
1651159019.793065, 48
1651159019.810861, 49
1651159019.829892, 49
1651159019.847291, 48
1651159019.862759, 49
1651159019.877872, 49
1651159019.893673, 49
1651159019.910341, 47
1651159019.930724, 47
1651159019.944270, 42
1651159019.958070, 36
1651159019.972792, 30
1651159019.989686, 24
1651159020.002819, 19
1651159020.018954, 21
1651159020.033227, 19
1651159020.047739, 18
1651159020.063071, 12
1651159020.078005, 8
1651159020.092675, 6
1651159020.107920, 7
1651159020.122040, 7
1651159020.135558, 8
1651159020.150369, 8
1651159020.163939, 6
1651159020.177746, 8
1651159020.191588, 9
1651159020.212880, 10
1651159020.228751, 10
1651159020.243143, 9
1651159020.257705, 8
1651159020.274204, 9
1651159020.296365, 10
1651159020.312388, 10
1651159020.330041, 10
1651159020.346747, 11
1651159020.364976, 12
1651159020.380848, 10
1651159020.396346, 11
1651159020.411092, 12
1651159020.430131, 11
1651159020.443624, 10
1651159020.457590, 13
1651159020.475159, 13
1651159020.489697, 11
1651159020.503279, 14
1651159020.517102, 13
1651159020.536169, 14
1651159020.549958, 14
1651159020.564545, 14
1651159020.578114, 13
1651159020.591564, 14
1651159020.606682, 12
1651159020.623480, 14
1651159020.642886, 13
1651159020.658202, 13
1651159020.671608, 15
1651159020.685195, 15
1651159020.698879, 14
1651159020.713766, 15
1651159020.727585, 14
1651159020.742094, 14
1651159020.755636, 16
1651159020.769302, 14
1651159020.783024, 16
1651159020.796718, 15
1651159020.811417, 15
1651159020.826016, 16
1651159020.843770, 16
1651159020.866784, 17
1651159020.885808, 16
1651159020.899914, 19
1651159020.913552, 17
1651159020.928406, 15
1651159020.947158, 16
1651159020.964096, 15
1651159020.983176, 19
1651159020.997866, 18
1651159021.012773, 18
1651159021.029704, 17
1651159021.047170, 17
1651159021.063243, 18
1651159021.080461, 16
1651159021.095392, 18
1651159021.110554, 17
1651159021.125618, 18
1651159021.144082, 19
1651159021.159414, 18
1651159021.174423, 19
1651159021.193106, 18
1651159021.211723, 17
1651159021.230124, 19
1651159021.244044, 19
1651159021.263859, 19
1651159021.281750, 19
1651159021.297112, 20
1651159021.314238, 20
1651159021.332519, 21
1651159021.347328, 21
1651159021.363492, 20
1651159021.380626, 21
1651159021.398839, 21
1651159021.416475, 20
1651159021.430776, 20
1651159021.447558, 20
1651159021.464240, 18
1651159021.480732, 20
1651159021.495273, 22
1651159021.508795, 23
1651159021.524192, 23
1651159021.540744, 21
1651159021.558358, 22
1651159021.581551, 21
1651159021.595384, 22
1651159021.611712, 22
1651159021.628767, 23
1651159021.646534, 22
1651159021.665147, 22
1651159021.680202, 23
1651159021.695628, 23
1651159021.713195, 22
1651159021.728339, 22
1651159021.745870, 22
1651159021.759721, 24
1651159021.782342, 23
1651159021.796750, 23
1651159021.810544, 22
1651159021.829848, 23
1651159021.845440, 24
1651159021.859035, 24
1651159021.872735, 24
1651159021.886515, 26
1651159021.905963, 25
1651159021.919591, 26
1651159021.935176, 26
1651159021.950925, 24
1651159021.965510, 25
1651159021.981133, 25
1651159021.997245, 25
1651159022.012490, 25
1651159022.029147, 26
1651159022.046681, 25
1651159022.064147, 27
1651159022.080326, 28
1651159022.097395, 26
1651159022.114874, 26
1651159022.130843, 25
1651159022.149249, 25
1651159022.164580, 26
1651159022.180900, 25
1651159022.198797, 25
1651159022.213454, 27
1651159022.230004, 27
1651159022.245992, 27
1651159022.265677, 28
1651159022.279604, 25
1651159022.297335, 25
1651159022.311344, 26
1651159022.329990, 28
1651159022.347158, 27
1651159022.364382, 26
1651159022.380704, 25
1651159022.396142, 28
1651159022.411119, 29
1651159022.428844, 28
1651159022.443493, 29
1651159022.457085, 28
1651159022.473101, 29
1651159022.491401, 29
1651159022.508935, 27
1651159022.523356, 26
1651159022.541745, 27
1651159022.555583, 29
1651159022.571661, 28
1651159022.585307, 30
1651159022.598678, 29
1651159022.614998, 29
1651159022.628675, 30
1651159022.646223, 29
1651159022.660190, 29
1651159022.673782, 29
1651159022.687417, 28
1651159022.705052, 28
1651159022.719658, 30
1651159022.733449, 29
1651159022.750016, 30
1651159022.763952, 28
1651159022.777774, 31
1651159022.791135, 30
1651159022.807716, 31
1651159022.827392, 31
1651159022.846706, 29
1651159022.863595, 29
1651159022.881761, 30
1651159022.895378, 30
1651159022.910364, 31
1651159022.926098, 29
1651159022.949437, 29
1651159022.970034, 32
1651159022.987147, 31
1651159023.003679, 32
1651159023.020369, 31
1651159023.035873, 32
1651159023.054543, 31
1651159023.070093, 30
1651159023.087922, 31
1651159023.111433, 30
1651159023.127742, 30
1651159023.143370, 31
1651159023.162034, 31
1651159023.178592, 33
1651159023.194220, 32
1651159023.212666, 33
1651159023.228400, 33
1651159023.245814, 31
1651159023.260731, 32
1651159023.277250, 32
1651159023.291714, 31
1651159023.305432, 32
1651159023.319109, 32
1651159023.332875, 32
1651159023.349545, 32
1651159023.365232, 32
1651159023.380046, 34
1651159023.394328, 36
1651159023.409388, 33
1651159023.423423, 34
1651159023.444070, 33
1651159023.464834, 32
1651159023.480246, 33
1651159023.494455, 33
1651159023.509283, 33
1651159023.526834, 34
1651159023.543222, 34
1651159023.557033, 33
1651159023.576419, 35
1651159023.594588, 35
1651159023.611593, 34
1651159023.626287, 34
1651159023.639854, 34
1651159023.655040, 36
1651159023.669780, 34
1651159023.683570, 34
1651159023.697985, 33
1651159023.711829, 35
1651159023.725318, 34
1651159023.740142, 33
1651159023.754737, 34
1651159023.770677, 35
1651159023.784380, 37
1651159023.798457, 36
1651159023.811968, 35
1651159023.825597, 37
1651159023.839331, 36
1651159023.852802, 36
1651159023.866373, 35
1651159023.880401, 36
1651159023.893964, 35
1651159023.907608, 34
1651159023.921237, 35
1651159023.934909, 36
1651159023.948458, 35
1651159023.962240, 34
1651159023.975606, 37
1651159023.990173, 37
1651159024.005632, 38
1651159024.020567, 37
1651159024.035477, 37
1651159024.049187, 36
1651159024.064091, 38
1651159024.077647, 35
1651159024.091511, 37
1651159024.106356, 36
1651159024.120854, 36
1651159024.137070, 36
1651159024.151298, 36
1651159024.164909, 35
1651159024.178709, 36
1651159024.192390, 37
1651159024.206876, 39
1651159024.222648, 38
1651159024.236301, 39
1651159024.249965, 38
1651159024.265468, 38
1651159024.282225, 40
1651159024.298278, 38
1651159024.314206, 38
1651159024.328795, 37
1651159024.343638, 38
1651159024.358175, 36
1651159024.372699, 37
1651159024.386473, 37
1651159024.401092, 37
1651159024.415708, 39
1651159024.432040, 39
1651159024.446913, 39
1651159024.461687, 39
1651159024.476301, 38
1651159024.490531, 38
1651159024.504069, 39
1651159024.518043, 38
1651159024.532255, 37
1651159024.546521, 38
1651159024.559868, 38
1651159024.573376, 39
1651159024.589174, 39
1651159024.604576, 38
1651159024.618368, 39
1651159024.639781, 40
1651159024.653547, 40
1651159024.668335, 40
1651159024.683020, 39
1651159024.699640, 40
1651159024.714090, 40
1651159024.727707, 40
1651159024.741583, 39
1651159024.755058, 39
1651159024.768786, 39
1651159024.785391, 39
1651159024.799322, 39
1651159024.812764, 38
1651159024.826585, 39
1651159024.840288, 39
1651159024.854159, 41
1651159024.868030, 40
1651159024.881559, 42
1651159024.895240, 41
1651159024.908970, 40
1651159024.923935, 41
1651159024.937543, 42
1651159024.951282, 40
1651159024.965899, 41
1651159024.980704, 39
1651159024.994193, 41
1651159025.007755, 41
1651159025.021449, 40
1651159025.034942, 39
1651159025.048085, 41
1651159025.061369, 40
1651159025.074328, 42
1651159025.088158, 42
1651159025.101527, 42
1651159025.114656, 42
1651159025.128217, 42
1651159025.141449, 41
1651159025.155317, 42
1651159025.168816, 41
1651159025.182459, 41
1651159025.196129, 40
1651159025.209959, 41
1651159025.223564, 42
1651159025.238418, 42
1651159025.252283, 40
1651159025.265794, 42
1651159025.279886, 41
1651159025.294354, 42
1651159025.309041, 43
1651159025.322754, 43
1651159025.337367, 44
1651159025.351028, 43
1651159025.364848, 43
1651159025.378313, 43
1651159025.392183, 43
1651159025.405725, 42
1651159025.419754, 42
1651159025.433639, 42
1651159025.447251, 43
1651159025.460312, 42
1651159025.473537, 40
1651159025.487020, 43
1651159025.500302, 42
1651159025.514862, 43
1651159025.528709, 44
1651159025.542405, 44
1651159025.556214, 45
1651159025.569757, 44
1651159025.583359, 44
1651159025.597185, 44
1651159025.610852, 44
1651159025.624353, 43
1651159025.638161, 43
1651159025.652260, 43
1651159025.665571, 44
1651159025.680602, 44
1651159025.694146, 44
1651159025.707916, 43
1651159025.721252, 44
1651159025.735134, 44
1651159025.748442, 45
1651159025.761770, 44
1651159025.775284, 44
1651159025.788692, 45
1651159025.803898, 45
1651159025.817524, 45
1651159025.831143, 44
1651159025.845987, 44
1651159025.859985, 44
1651159025.874980, 43
1651159025.889914, 44
1651159025.905012, 44
1651159025.919994, 44
1651159025.943157, 45
1651159025.957670, 46
1651159025.971398, 46
1651159025.986047, 44
1651159026.001671, 45
1651159026.016019, 47
1651159026.034028, 46
1651159026.047741, 46
1651159026.061547, 45
1651159026.075146, 45
1651159026.088631, 44
1651159026.102463, 45
1651159026.118975, 45
1651159026.132668, 44
1651159026.147415, 44
1651159026.162639, 45
1651159026.176018, 46
1651159026.190732, 46
1651159026.205217, 47
1651159026.218915, 47
1651159026.232649, 45
1651159026.247267, 47
1651159026.260861, 47
1651159026.274535, 47
1651159026.288212, 46
1651159026.302041, 48
1651159026.316701, 45
1651159026.330709, 46
1651159026.345029, 47
1651159026.358775, 47
1651159026.372427, 46
1651159026.386027, 47
1651159026.399786, 46
1651159026.413423, 46
1651159026.427663, 47
1651159026.441512, 47
1651159026.455443, 48
1651159026.473071, 48
1651159026.487697, 47
1651159026.501152, 47
1651159026.516862, 48
1651159026.530724, 47
1651159026.545321, 46
1651159026.558907, 46
1651159026.572583, 46
1651159026.587261, 46
1651159026.600909, 46
1651159026.618472, 48
1651159026.633635, 47
1651159026.649026, 48
1651159026.663694, 48
1651159026.678287, 48
1651159026.691817, 49
1651159026.705531, 48
1651159026.719757, 49
1651159026.734918, 49
1651159026.748652, 49
1651159026.764115, 48
1651159026.777814, 48
1651159026.791439, 47
1651159026.805290, 47
1651159026.818930, 46
1651159026.832573, 48
1651159026.848298, 48
1651159026.862161, 48
1651159026.876357, 48
1651159026.892288, 50
1651159026.905880, 49
1651159026.920512, 50
1651159026.938949, 50
1651159026.952700, 48
1651159026.966328, 49
1651159026.981048, 48
1651159026.995516, 50
1651159027.012138, 47
1651159027.025746, 46
1651159027.039647, 48
1651159027.056089, 47
1651159027.069677, 47
1651159027.083447, 46
1651159027.097322, 46
1651159027.111554, 46
1651159027.126277, 45
1651159027.139649, 46
1651159027.153431, 47
1651159027.167271, 47
1651159027.180662, 45
1651159027.196608, 42
1651159027.210336, 37
1651159027.226845, 29
1651159027.241627, 24
1651159027.254934, 21
1651159027.271140, 20
1651159027.286760, 22
1651159027.301283, 21
1651159027.315267, 21
1651159027.328944, 21
1651159027.342771, 23
1651159027.358328, 21
1651159027.372956, 23
1651159027.388540, 22
1651159027.402173, 22
1651159027.415834, 21
1651159027.429993, 22
1651159027.445538, 21
1651159027.458922, 22
1651159027.477074, 21
1651159027.490958, 21
1651159027.507160, 23
1651159027.522179, 24
1651159027.535939, 23
1651159027.550933, 24
1651159027.564415, 24
1651159027.578432, 23
1651159027.592194, 25
1651159027.609802, 23
1651159027.623456, 23
1651159027.637915, 22
1651159027.651823, 22
1651159027.667258, 23
1651159027.681515, 24
1651159027.696244, 25
1651159027.709609, 23
1651159027.723205, 26
1651159027.739050, 24
1651159027.752673, 25
1651159027.766424, 24
1651159027.780875, 24
1651159027.794487, 25
1651159027.808225, 25
1651159027.822893, 24
1651159027.837464, 24
1651159027.851148, 25
1651159027.865967, 24
1651159027.879675, 25
1651159027.893178, 27
1651159027.906966, 25
1651159027.922325, 27
1651159027.936018, 24
1651159027.949761, 26
1651159027.969212, 26
1651159027.983862, 26
1651159027.997459, 25
1651159028.011183, 27
1651159028.024826, 26
1651159028.038223, 26
1651159028.051603, 26
1651159028.064893, 27
1651159028.078542, 27
1651159028.093139, 27
1651159028.106820, 28
1651159028.119849, 28
1651159028.133109, 26
1651159028.147216, 26
1651159028.161919, 26
1651159028.175321, 28
1651159028.189936, 27
1651159028.203667, 28
1651159028.217539, 28
1651159028.232264, 26
1651159028.246056, 28
1651159028.260572, 28
1651159028.274083, 29
1651159028.288542, 29
1651159028.302215, 28
1651159028.315815, 27
1651159028.330323, 28
1651159028.344936, 28
1651159028.358775, 28
1651159028.372290, 29
1651159028.385924, 28
1651159028.399741, 28
1651159028.413509, 28
1651159028.427545, 29
1651159028.441216, 31
1651159028.455780, 30
1651159028.469430, 29
1651159028.483268, 30
1651159028.496789, 29
1651159028.510583, 28
1651159028.524288, 29
1651159028.539122, 29
1651159028.552622, 30
1651159028.565696, 29
1651159028.578889, 29
1651159028.592616, 29
1651159028.607033, 31
1651159028.620870, 31
1651159028.634725, 31
1651159028.649134, 30
1651159028.662883, 31
1651159028.678510, 31
1651159028.694084, 31
1651159028.707691, 30
1651159028.722250, 30
1651159028.735962, 30
1651159028.752240, 30
1651159028.766892, 30
1651159028.780525, 30
1651159028.793792, 31
1651159028.807151, 30
1651159028.821052, 32
1651159028.836573, 32
1651159028.850154, 31
1651159028.863873, 31
1651159028.877332, 32
1651159028.890775, 31
1651159028.911333, 31
1651159028.926410, 32
1651159028.939811, 32
1651159028.953534, 31
1651159028.968174, 31
1651159028.981963, 32
1651159028.995973, 33
1651159029.010726, 34
1651159029.025127, 33
1651159029.040013, 33
1651159029.054522, 33
1651159029.069141, 33
1651159029.082911, 33
1651159029.096640, 32
1651159029.110336, 32
1651159029.123990, 31
1651159029.137536, 31
1651159029.151986, 31
1651159029.165855, 32
1651159029.179658, 32
1651159029.194412, 32
1651159029.208071, 34
1651159029.221652, 34
1651159029.236527, 33
1651159029.251072, 33
1651159029.266079, 34
1651159029.280345, 35
1651159029.295008, 32
1651159029.308654, 31
1651159029.322252, 33
1651159029.336136, 33
1651159029.350632, 33
1651159029.366913, 34
1651159029.380228, 33
1651159029.393791, 34
1651159029.407712, 34
1651159029.422028, 33
1651159029.437178, 35
1651159029.451905, 36
1651159029.466415, 35
1651159029.482623, 37
1651159029.496430, 36
1651159029.511079, 35
1651159029.524706, 35
1651159029.539029, 34
1651159029.554596, 34
1651159029.568745, 35
1651159029.582977, 34
1651159029.597042, 36
1651159029.611929, 36
1651159029.626655, 36
1651159029.644935, 36
1651159029.658305, 37
1651159029.671920, 36
1651159029.686506, 36
1651159029.701177, 35
1651159029.717981, 36
1651159029.732352, 36
1651159029.747187, 34
1651159029.761750, 33
1651159029.775454, 36
1651159029.796372, 37
1651159029.810738, 35
1651159029.824255, 37
1651159029.838388, 37
1651159029.853707, 36
1651159029.867306, 37
1651159029.880933, 37
1651159029.895478, 37
1651159029.909105, 36
1651159029.923853, 37
1651159029.937779, 35
1651159029.951141, 37
1651159029.965346, 36
1651159029.979972, 38
1651159029.993616, 37
1651159030.007165, 36
1651159030.020920, 35
1651159030.034516, 36
1651159030.048882, 37
1651159030.064903, 39
1651159030.078557, 38
1651159030.092201, 37
1651159030.106778, 38
1651159030.120434, 38
1651159030.134236, 37
1651159030.147724, 36
1651159030.162345, 37
1651159030.176040, 37
1651159030.192932, 38
1651159030.207634, 38
1651159030.220941, 39
1651159030.236629, 39
1651159030.250472, 38
1651159030.264507, 40
1651159030.279093, 40
1651159030.293465, 40
1651159030.307459, 39
1651159030.322075, 40
1651159030.336595, 39
1651159030.350700, 38
1651159030.365898, 38
1651159030.379524, 37
1651159030.393220, 38
1651159030.408468, 38
1651159030.421839, 39
1651159030.435248, 40
1651159030.449595, 40
1651159030.463667, 39
1651159030.477328, 40
1651159030.490992, 40
1651159030.505731, 41
1651159030.519841, 41
1651159030.533573, 39
1651159030.547293, 41
1651159030.561032, 40
1651159030.575560, 39
1651159030.589377, 39
1651159030.603038, 38
1651159030.616694, 40
1651159030.630371, 39
1651159030.643881, 40
1651159030.658120, 40
1651159030.671978, 39
1651159030.685455, 42
1651159030.699303, 41
1651159030.712828, 41
1651159030.726449, 41
1651159030.740096, 41
1651159030.753736, 42
1651159030.767481, 41
1651159030.781043, 40
1651159030.795719, 40
1651159030.809889, 41
1651159030.823383, 40
1651159030.838005, 40
1651159030.851802, 40
1651159030.867339, 42
1651159030.881130, 41
1651159030.894495, 42
1651159030.908451, 43
1651159030.922349, 42
1651159030.936027, 42
1651159030.950616, 42
1651159030.964227, 42
1651159030.978945, 42
1651159030.995395, 42
1651159031.009958, 42
1651159031.025884, 41
1651159031.040893, 41
1651159031.057962, 42
1651159031.074593, 41
1651159031.094356, 42
1651159031.113744, 43
1651159031.134969, 43
1651159031.153580, 43
1651159031.172097, 44
1651159031.189954, 43
1651159031.206947, 43
1651159031.223809, 43
1651159031.241341, 41
1651159031.259347, 43
1651159031.274167, 42
1651159031.294055, 41
1651159031.308679, 42
1651159031.323673, 42
1651159031.340261, 43
1651159031.357285, 43
1651159031.374171, 44
1651159031.388991, 44
1651159031.407447, 44
1651159031.424516, 43
1651159031.438978, 43
1651159031.457020, 44
1651159031.472020, 44
1651159031.487863, 42
1651159031.503814, 42
1651159031.519992, 44
1651159031.534854, 42
1651159031.551262, 44
1651159031.564912, 43
1651159031.579682, 43
1651159031.593673, 44
1651159031.607696, 46
1651159031.622015, 45
1651159031.636493, 45
1651159031.650309, 45
1651159031.663857, 45
1651159031.677944, 45
1651159031.691560, 45
1651159031.705328, 45
1651159031.719643, 44
1651159031.733807, 44
1651159031.747603, 45
1651159031.762156, 45
1651159031.776443, 43
1651159031.791498, 45
1651159031.805065, 43
1651159031.821021, 46
1651159031.834714, 46
1651159031.848435, 46
1651159031.862909, 46
1651159031.877599, 46
1651159031.891010, 48
1651159031.910195, 47
1651159031.924035, 45
1651159031.938392, 44
1651159031.952090, 45
1651159031.965777, 46
1651159031.981572, 46
1651159031.995267, 46
1651159032.008816, 46
1651159032.022700, 46
1651159032.036105, 45
1651159032.049633, 47
1651159032.063085, 46
1651159032.079037, 47
1651159032.095622, 48
1651159032.112630, 47
1651159032.131262, 48
1651159032.146933, 47
1651159032.163082, 47
1651159032.178063, 46
1651159032.193578, 46
1651159032.209771, 46
1651159032.227082, 47
1651159032.243523, 46
1651159032.260024, 46
1651159032.275940, 46
1651159032.293192, 47
1651159032.308896, 48
1651159032.326035, 47
1651159032.342954, 47
1651159032.359364, 48
1651159032.376162, 47
1651159032.392602, 48
1651159032.408414, 48
1651159032.425897, 46
1651159032.442171, 47
1651159032.458966, 48
1651159032.476505, 46
1651159032.490466, 46
1651159032.505178, 47
1651159032.526679, 47
1651159032.541381, 49
1651159032.558839, 48
1651159032.573723, 49
1651159032.592019, 48
1651159032.608554, 50
1651159032.623336, 48
1651159032.636974, 49
1651159032.651249, 48
1651159032.665000, 49
1651159032.679860, 49
1651159032.698416, 48
1651159032.712892, 48
1651159032.727483, 48
1651159032.741409, 48
1651159032.754852, 49
1651159032.770798, 50
1651159032.785271, 49
1651159032.798820, 48
1651159032.813361, 50
1651159032.828401, 48
1651159032.848506, 48
1651159032.863336, 48
1651159032.877849, 48
1651159032.891626, 47
1651159032.911117, 47
1651159032.925608, 47
1651159032.939425, 47
1651159032.953946, 47
1651159032.969657, 47
1651159032.986350, 47
1651159033.003708, 46
1651159033.023375, 47
1651159033.042096, 46
1651159033.058220, 46
1651159033.075761, 40
1651159033.092766, 38
1651159033.110921, 34
1651159033.126554, 27
1651159033.144292, 26
1651159033.159308, 20
1651159033.175813, 21
1651159033.190723, 22
1651159033.207024, 22
1651159033.223460, 22
1651159033.241278, 22
1651159033.258484, 23
1651159033.275057, 21
1651159033.292089, 22
1651159033.309335, 22
1651159033.325005, 23
1651159033.341693, 22
1651159033.355487, 22
1651159033.369907, 23
1651159033.383475, 22
1651159033.399460, 24
1651159033.421500, 25
1651159033.435745, 24
1651159033.451398, 22
1651159033.464973, 23
1651159033.481038, 24
1651159033.499425, 24
1651159033.513873, 23
1651159033.527790, 22
1651159033.542171, 23
1651159033.558141, 24
1651159033.571531, 24
1651159033.587547, 26
1651159033.606908, 25
1651159033.625194, 25
1651159033.639272, 24
1651159033.653145, 25
1651159033.667361, 25
1651159033.680879, 25
1651159033.699111, 25
1651159033.713678, 25
1651159033.727466, 26
1651159033.745931, 25
1651159033.760658, 26
1651159033.780097, 27
1651159033.794633, 26
1651159033.808575, 28
1651159033.826015, 25
1651159033.840593, 26
1651159033.855218, 27
1651159033.869056, 27
1651159033.888392, 26
1651159033.903016, 26
1651159033.917793, 27
1651159033.935247, 26
1651159033.949127, 28
1651159033.962718, 28
1651159033.981157, 28
1651159033.995954, 28
1651159034.009579, 27
1651159034.023054, 28
1651159034.036745, 27
1651159034.050247, 27
1651159034.063375, 27
1651159034.076601, 27
1651159034.089909, 29
1651159034.103043, 28
1651159034.116846, 27
1651159034.132433, 29
1651159034.148163, 29
1651159034.162859, 29
1651159034.176007, 29
1651159034.190345, 29
1651159034.207010, 29
1651159034.229553, 29
1651159034.244868, 29
1651159034.258779, 28
1651159034.273155, 30
1651159034.286854, 28
1651159034.301643, 28
1651159034.315336, 29
1651159034.329069, 30
1651159034.342973, 29
1651159034.357402, 30
1651159034.371245, 31
1651159034.385837, 29
1651159034.403372, 30
1651159034.417902, 30
1651159034.432443, 29
1651159034.446882, 29
1651159034.461534, 28
1651159034.483247, 30
1651159034.501702, 29
1651159034.520227, 32
1651159034.542387, 31
1651159034.559120, 32
1651159034.575735, 31
1651159034.591687, 31
1651159034.609649, 31
1651159034.627197, 31
1651159034.642030, 31
1651159034.658957, 32
1651159034.677555, 31
1651159034.693097, 32
1651159034.710819, 31
1651159034.727536, 32
1651159034.743058, 32
1651159034.758961, 32
1651159034.775804, 31
1651159034.791249, 32
1651159034.808479, 32
1651159034.825557, 32
1651159034.842235, 31
1651159034.860528, 32
1651159034.875574, 33
1651159034.895154, 31
1651159034.913062, 31
1651159034.930293, 33
1651159034.945479, 32
1651159034.962482, 33
1651159034.978146, 33
1651159034.994352, 33
1651159035.012240, 32
1651159035.028780, 34
1651159035.045435, 33
1651159035.061032, 33
1651159035.076777, 33
1651159035.093450, 33
1651159035.110262, 33
1651159035.127597, 35
1651159035.147848, 35
1651159035.173793, 35
1651159035.192286, 35
1651159035.209721, 35
1651159035.226958, 34
1651159035.242290, 35
1651159035.259293, 34
1651159035.274813, 33
1651159035.294546, 33
1651159035.310332, 35
1651159035.327688, 35
1651159035.342923, 34
1651159035.359220, 36
1651159035.374397, 36
1651159035.390785, 36
1651159035.409648, 36
1651159035.424454, 37
1651159035.440877, 35
1651159035.455585, 35
1651159035.472689, 35
1651159035.489913, 36
1651159035.507443, 35
1651159035.523947, 35
1651159035.544004, 37
1651159035.560889, 36
1651159035.579280, 36
1651159035.596422, 37
1651159035.613668, 37
1651159035.627972, 34
1651159035.643497, 36
1651159035.660461, 36
1651159035.675849, 36
1651159035.693508, 36
1651159035.710735, 36
1651159035.726636, 36
1651159035.743220, 37
1651159035.760877, 37
1651159035.776772, 38
1651159035.792918, 37
1651159035.809489, 38
1651159035.82435