1651158897.858432, 0
1651158897.872533, 1
1651158897.887172, 0
1651158897.901416, 0
1651158897.917119, 3
1651158897.933158, 4
1651158897.948181, 4
1651158897.963690, 9
1651158897.977350, 14
1651158897.991686, 17
1651158898.009006, 18
1651158898.024708, 23
1651158898.043304, 27
1651158898.057888, 31
1651158898.073810, 37
1651158898.090433, 39
1651158898.106460, 47
1651158898.130277, 50
1651158898.148599, 54
1651158898.163590, 60
1651158898.179220, 64
1651158898.193806, 68
1651158898.207921, 70
1651158898.222490, 78
1651158898.236450, 80
1651158898.250609, 84
1651158898.264159, 89
1651158898.280798, 94
1651158898.295236, 96
1651158898.309849, 99
1651158898.323107, 99
1651158898.337902, 100
1651158898.355431, 100
1651158898.369335, 100
1651158898.383881, 100
1651158898.399526, 99
1651158898.414320, 99
1651158898.427970, 99
1651158898.441821, 99
1651158898.458429, 99
1651158898.472394, 100
1651158898.486793, 100
1651158898.501518, 100
1651158898.515300, 100
1651158898.530694, 99
1651158898.545309, 100
1651158898.559648, 100
1651158898.573282, 99
1651158898.589314, 100
1651158898.602719, 99
1651158898.617411, 100
1651158898.632176, 100
1651158898.646665, 99
1651158898.660890, 100
1651158898.675546, 99
1651158898.689191, 100
1651158898.702985, 99
1651158898.718518, 99
1651158898.732185, 100
1651158898.745968, 99
1651158898.759717, 100
1651158898.774168, 99
1651158898.787835, 99
1651158898.801505, 99
1651158898.816111, 99
1651158898.830815, 99
1651158898.844490, 99
1651158898.858573, 100
1651158898.875119, 99
1651158898.888591, 100
1651158898.909871, 99
1651158898.923807, 99
1651158898.938933, 98
1651158898.953673, 99
1651158898.967335, 99
1651158898.981341, 99
1651158898.994661, 100
1651158899.010157, 100
1651158899.023890, 99
1651158899.038378, 100
1651158899.054207, 100
1651158899.069147, 100
1651158899.082952, 99
1651158899.098065, 98
1651158899.111538, 100
1651158899.125243, 99
1651158899.140483, 96
1651158899.154905, 99
1651158899.170442, 99
1651158899.189270, 98
1651158899.203635, 100
1651158899.218351, 97
1651158899.233103, 98
1651158899.247855, 98
1651158899.261476, 98
1651158899.275084, 99
1651158899.290786, 100
1651158899.314281, 100
1651158899.330422, 100
1651158899.345023, 100
1651158899.358803, 98
1651158899.372883, 97
1651158899.386718, 100
1651158899.400167, 97
1651158899.413723, 99
1651158899.427667, 96
1651158899.442462, 97
1651158899.456271, 96
1651158899.470734, 98
1651158899.484711, 99
1651158899.499417, 97
1651158899.513406, 99
1651158899.526710, 99
1651158899.540801, 98
1651158899.554120, 97
1651158899.568124, 99
1651158899.581856, 98
1651158899.596272, 99
1651158899.611988, 95
1651158899.625321, 92
1651158899.641343, 91
1651158899.655297, 92
1651158899.669251, 96
1651158899.682986, 92
1651158899.697870, 96
1651158899.711404, 99
1651158899.726504, 99
1651158899.742744, 99
1651158899.758848, 99
1651158899.772825, 97
1651158899.786651, 96
1651158899.800046, 96
1651158899.815886, 96
1651158899.829434, 96
1651158899.843096, 96
1651158899.859630, 97
1651158899.874318, 99
1651158899.888572, 99
1651158899.903266, 95
1651158899.917600, 96
1651158899.931143, 95
1651158899.944708, 98
1651158899.958058, 99
1651158899.971918, 98
1651158899.985659, 97
1651158899.999425, 94
1651158900.014186, 96
1651158900.028183, 97
1651158900.041457, 97
1651158900.055678, 97
1651158900.071192, 96
1651158900.084999, 93
1651158900.105705, 96
1651158900.119637, 94
1651158900.133252, 96
1651158900.147043, 95
1651158900.161280, 94
1651158900.175383, 92
1651158900.190768, 94
1651158900.204165, 96
1651158900.217714, 93
1651158900.231540, 96
1651158900.245835, 97
1651158900.261006, 95
1651158900.280985, 93
1651158900.299505, 95
1651158900.313366, 96
1651158900.327919, 100
1651158900.342420, 100
1651158900.356840, 99
1651158900.371707, 96
1651158900.385005, 95
1651158900.399049, 93
1651158900.413429, 89
1651158900.427945, 89
1651158900.442925, 87
1651158900.457566, 83
1651158900.475098, 81
1651158900.488563, 80
1651158900.502200, 80
1651158900.516063, 80
1651158900.532878, 79
1651158900.547977, 77
1651158900.563820, 77
1651158900.578050, 75
1651158900.591890, 75
1651158900.607415, 75
1651158900.621008, 73
1651158900.634745, 73
1651158900.648619, 72
1651158900.663234, 71
1651158900.678303, 69
1651158900.692000, 71
1651158900.705634, 67
1651158900.719922, 63
1651158900.733996, 58
1651158900.750256, 55
1651158900.766347, 48
1651158900.781959, 42
1651158900.797539, 40
1651158900.813211, 39
1651158900.827688, 38
1651158900.844453, 37
1651158900.860570, 41
1651158900.874616, 40
1651158900.891164, 38
1651158900.905101, 39
1651158900.920057, 36
1651158900.934779, 37
1651158900.950348, 36
1651158900.964937, 36
1651158900.979679, 37
1651158900.993748, 35
1651158901.007286, 37
1651158901.021521, 37
1651158901.035938, 36
1651158901.051101, 37
1651158901.065850, 38
1651158901.079436, 38
1651158901.093214, 37
1651158901.107256, 37
1651158901.120920, 36
1651158901.136283, 35
1651158901.151185, 36
1651158901.166441, 36
1651158901.181108, 37
1651158901.195037, 36
1651158901.210546, 35
1651158901.225369, 35
1651158901.239791, 37
1651158901.255149, 38
1651158901.269251, 38
1651158901.283596, 38
1651158901.297649, 38
1651158901.313203, 37
1651158901.328904, 35
1651158901.343163, 37
1651158901.357259, 37
1651158901.372839, 37
1651158901.387454, 36
1651158901.400531, 37
1651158901.414453, 38
1651158901.428259, 37
1651158901.443639, 38
1651158901.456988, 39
1651158901.471488, 39
1651158901.488842, 38
1651158901.503090, 38
1651158901.522717, 38
1651158901.536514, 39
1651158901.551590, 37
1651158901.565349, 37
1651158901.579757, 37
1651158901.593116, 37
1651158901.607611, 37
1651158901.621079, 37
1651158901.637469, 37
1651158901.652746, 38
1651158901.674774, 39
1651158901.688269, 39
1651158901.705748, 39
1651158901.720034, 39
1651158901.740485, 38
1651158901.755312, 39
1651158901.768505, 39
1651158901.783232, 38
1651158901.796822, 39
1651158901.811680, 38
1651158901.825290, 39
1651158901.840510, 39
1651158901.854343, 40
1651158901.868295, 40
1651158901.882063, 40
1651158901.896592, 42
1651158901.910648, 41
1651158901.924056, 41
1651158901.937235, 40
1651158901.951800, 41
1651158901.966667, 41
1651158901.981238, 40
1651158901.995006, 39
1651158902.008341, 39
1651158902.022266, 39
1651158902.035811, 39
1651158902.050668, 39
1651158902.064350, 40
1651158902.078090, 41
1651158902.091938, 40
1651158902.108844, 41
1651158902.123681, 41
1651158902.137059, 41
1651158902.150851, 40
1651158902.164850, 40
1651158902.178550, 41
1651158902.192388, 40
1651158902.207217, 39
1651158902.220419, 40
1651158902.246400, 41
1651158902.263068, 41
1651158902.276710, 39
1651158902.290350, 41
1651158902.303959, 43
1651158902.317829, 41
1651158902.332466, 43
1651158902.346816, 43
1651158902.359934, 43
1651158902.377911, 42
1651158902.392501, 42
1651158902.407266, 41
1651158902.420680, 41
1651158902.435934, 41
1651158902.450504, 41
1651158902.467104, 41
1651158902.481738, 41
1651158902.495216, 42
1651158902.509422, 41
1651158902.523094, 41
1651158902.537407, 43
1651158902.551430, 43
1651158902.566016, 43
1651158902.581756, 44
1651158902.596546, 42
1651158902.610148, 44
1651158902.623471, 42
1651158902.640036, 42
1651158902.653295, 42
1651158902.674940, 41
1651158902.689281, 42
1651158902.702829, 42
1651158902.717006, 43
1651158902.733840, 42
1651158902.748568, 41
1651158902.762143, 43
1651158902.775932, 44
1651158902.789715, 43
1651158902.812995, 44
1651158902.826815, 43
1651158902.840418, 43
1651158902.861220, 42
1651158902.878958, 43
1651158902.895140, 43
1651158902.909429, 42
1651158902.922930, 43
1651158902.939696, 42
1651158902.953439, 44
1651158902.970067, 44
1651158902.991498, 45
1651158903.006661, 46
1651158903.020718, 45
1651158903.040053, 45
1651158903.054179, 44
1651158903.074883, 46
1651158903.089721, 44
1651158903.103061, 45
1651158903.116353, 47
1651158903.132514, 46
1651158903.145822, 46
1651158903.163438, 46
1651158903.177318, 47
1651158903.191077, 46
1651158903.204359, 46
1651158903.221590, 47
1651158903.237756, 45
1651158903.251403, 47
1651158903.267442, 46
1651158903.282450, 46
1651158903.296782, 47
1651158903.310244, 45
1651158903.324941, 46
1651158903.341572, 45
1651158903.358777, 45
1651158903.375355, 45
1651158903.391990, 45
1651158903.406901, 45
1651158903.420812, 46
1651158903.449859, 46
1651158903.465085, 46
1651158903.479622, 46
1651158903.500187, 48
1651158903.514377, 48
1651158903.535539, 46
1651158903.550484, 46
1651158903.564352, 46
1651158903.579076, 47
1651158903.592691, 47
1651158903.606542, 47
1651158903.620139, 48
1651158903.636575, 47
1651158903.650947, 48
1651158903.665278, 48
1651158903.678602, 49
1651158903.692023, 48
1651158903.706343, 48
1651158903.720909, 48
1651158903.735440, 48
1651158903.750899, 48
1651158903.764925, 48
1651158903.779694, 48
1651158903.793390, 48
1651158903.808013, 48
1651158903.823321, 47
1651158903.837238, 47
1651158903.850972, 45
1651158903.865789, 47
1651158903.879222, 45
1651158903.892738, 47
1651158903.906338, 47
1651158903.921263, 47
1651158903.936844, 48
1651158903.950903, 47
1651158903.966253, 47
1651158903.980582, 46
1651158903.995541, 48
1651158904.010998, 47
1651158904.025896, 47
1651158904.039306, 48
1651158904.053325, 47
1651158904.069107, 48
1651158904.083422, 47
1651158904.097596, 46
1651158904.111690, 46
1651158904.126175, 47
1651158904.141883, 48
1651158904.155559, 49
1651158904.170355, 49
1651158904.192196, 49
1651158904.208424, 50
1651158904.223024, 49
1651158904.236620, 48
1651158904.252424, 48
1651158904.267875, 49
1651158904.282291, 48
1651158904.296080, 48
1651158904.310379, 48
1651158904.325346, 49
1651158904.339099, 48
1651158904.355242, 48
1651158904.370021, 50
1651158904.385622, 50
1651158904.401474, 50
1651158904.417311, 50
1651158904.433044, 51
1651158904.447731, 52
1651158904.461872, 51
1651158904.475288, 51
1651158904.488997, 49
1651158904.502918, 50
1651158904.517864, 49
1651158904.533862, 49
1651158904.547188, 49
1651158904.561654, 49
1651158904.574787, 49
1651158904.588772, 49
1651158904.602555, 50
1651158904.616254, 50
1651158904.631518, 49
1651158904.645217, 50
1651158904.659433, 51
1651158904.673054, 50
1651158904.687153, 51
1651158904.703261, 50
1651158904.718070, 51
1651158904.733921, 51
1651158904.750519, 50
1651158904.766066, 50
1651158904.780664, 49
1651158904.795441, 50
1651158904.809341, 50
1651158904.823185, 51
1651158904.837224, 49
1651158904.855026, 51
1651158904.869043, 51
1651158904.883752, 52
1651158904.898304, 50
1651158904.912464, 51
1651158904.937115, 53
1651158904.952221, 51
1651158904.966748, 51
1651158904.980058, 51
1651158904.996916, 51
1651158905.010473, 50
1651158905.023675, 50
1651158905.038677, 52
1651158905.051848, 52
1651158905.067145, 51
1651158905.082351, 53
1651158905.098002, 53
1651158905.111669, 53
1651158905.125910, 52
1651158905.140852, 53
1651158905.156776, 52
1651158905.172420, 52
1651158905.185786, 53
1651158905.202753, 53
1651158905.218051, 52
1651158905.233669, 52
1651158905.247391, 53
1651158905.261205, 53
1651158905.274683, 52
1651158905.291589, 52
1651158905.305974, 52
1651158905.322559, 52
1651158905.338745, 53
1651158905.355046, 53
1651158905.370381, 52
1651158905.384691, 55
1651158905.400558, 53
1651158905.414793, 54
1651158905.428756, 52
1651158905.443237, 53
1651158905.456448, 53
1651158905.469883, 51
1651158905.483781, 52
1651158905.497307, 54
1651158905.512598, 52
1651158905.527393, 53
1651158905.543313, 53
1651158905.559501, 52
1651158905.574043, 53
1651158905.589104, 54
1651158905.603047, 54
1651158905.616527, 53
1651158905.629776, 52
1651158905.643154, 54
1651158905.657066, 54
1651158905.671347, 54
1651158905.684789, 53
1651158905.700522, 54
1651158905.714159, 54
1651158905.728808, 54
1651158905.742423, 54
1651158905.756076, 54
1651158905.770619, 53
1651158905.785094, 52
1651158905.800206, 54
1651158905.815459, 54
1651158905.828908, 56
1651158905.843469, 55
1651158905.859089, 54
1651158905.872839, 56
1651158905.887008, 55
1651158905.900529, 54
1651158905.913877, 55
1651158905.928121, 56
1651158905.941700, 55
1651158905.956108, 56
1651158905.970077, 54
1651158905.985704, 55
1651158905.999460, 54
1651158906.013948, 55
1651158906.028084, 55
1651158906.042524, 55
1651158906.057232, 54
1651158906.071111, 54
1651158906.086109, 55
1651158906.099967, 56
1651158906.114998, 55
1651158906.129320, 56
1651158906.143139, 57
1651158906.158699, 57
1651158906.173395, 55
1651158906.186760, 56
1651158906.201136, 57
1651158906.214784, 55
1651158906.228106, 55
1651158906.245063, 54
1651158906.260785, 57
1651158906.274171, 57
1651158906.287782, 56
1651158906.301377, 54
1651158906.315664, 55
1651158906.329282, 56
1651158906.342668, 56
1651158906.356125, 56
1651158906.371578, 56
1651158906.385503, 56
1651158906.400730, 56
1651158906.415535, 57
1651158906.430533, 57
1651158906.446737, 56
1651158906.470759, 56
1651158906.485434, 56
1651158906.504149, 56
1651158906.518125, 56
1651158906.536418, 57
1651158906.549948, 56
1651158906.565032, 56
1651158906.578361, 56
1651158906.592747, 57
1651158906.616328, 57
1651158906.630034, 57
1651158906.644069, 58
1651158906.662693, 57
1651158906.676966, 58
1651158906.690645, 57
1651158906.704048, 58
1651158906.718573, 58
1651158906.733574, 56
1651158906.748058, 58
1651158906.763458, 57
1651158906.778281, 57
1651158906.791694, 57
1651158906.806168, 57
1651158906.823137, 58
1651158906.837045, 57
1651158906.851662, 59
1651158906.865209, 58
1651158906.880611, 58
1651158906.898071, 58
1651158906.911500, 59
1651158906.940501, 58
1651158906.954183, 58
1651158906.968955, 59
1651158906.987365, 57
1651158907.003154, 58
1651158907.017644, 58
1651158907.030952, 58
1651158907.044224, 58
1651158907.059839, 57
1651158907.073024, 59
1651158907.089045, 58
1651158907.109348, 59
1651158907.125123, 60
1651158907.139254, 59
1651158907.156685, 59
1651158907.170918, 60
1651158907.188672, 59
1651158907.207292, 59
1651158907.221219, 59
1651158907.241312, 59
1651158907.261291, 58
1651158907.278411, 58
1651158907.294686, 58
1651158907.308683, 60
1651158907.322061, 59
1651158907.336347, 60
1651158907.355559, 60
1651158907.369886, 60
1651158907.383473, 60
1651158907.397570, 61
1651158907.411600, 61
1651158907.425380, 60
1651158907.447210, 59
1651158907.460433, 61
1651158907.473527, 60
1651158907.489870, 60
1651158907.503454, 60
1651158907.518553, 59
1651158907.533498, 59
1651158907.548011, 61
1651158907.562726, 59
1651158907.578333, 59
1651158907.592040, 60
1651158907.605905, 58
1651158907.621709, 60
1651158907.635946, 60
1651158907.651065, 62
1651158907.666697, 61
1651158907.680497, 61
1651158907.695803, 61
1651158907.709420, 59
1651158907.723198, 60
1651158907.736979, 62
1651158907.752670, 60
1651158907.768448, 62
1651158907.784082, 59
1651158907.797679, 61
1651158907.811362, 60
1651158907.825620, 60
1651158907.839694, 61
1651158907.854059, 61
1651158907.867974, 60
1651158907.881531, 60
1651158907.896256, 61
1651158907.909707, 62
1651158907.923023, 61
1651158907.936584, 60
1651158907.951524, 62
1651158907.966518, 63
1651158907.982066, 62
1651158907.996657, 62
1651158908.010552, 62
1651158908.024088, 62
1651158908.038784, 62
1651158908.053335, 61
1651158908.068018, 62
1651158908.081783, 61
1651158908.095472, 61
1651158908.109163, 62
1651158908.124290, 61
1651158908.140007, 62
1651158908.154469, 61
1651158908.168483, 63
1651158908.182714, 62
1651158908.198262, 63
1651158908.212251, 61
1651158908.226829, 63
1651158908.240392, 63
1651158908.254925, 63
1651158908.272111, 62
1651158908.285383, 64
1651158908.299501, 63
1651158908.313873, 62
1651158908.327818, 61
1651158908.341010, 63
1651158908.355717, 63
1651158908.371746, 63
1651158908.385718, 62
1651158908.400025, 63
1651158908.414735, 63
1651158908.429364, 62
1651158908.450769, 63
1651158908.470246, 63
1651158908.489844, 63
1651158908.507502, 64
1651158908.520944, 63
1651158908.536837, 63
1651158908.553338, 63
1651158908.570734, 64
1651158908.585063, 62
1651158908.601168, 62
1651158908.619475, 63
1651158908.639308, 63
1651158908.654787, 63
1651158908.669421, 62
1651158908.683867, 63
1651158908.698822, 63
1651158908.721945, 65
1651158908.737829, 65
1651158908.758755, 64
1651158908.772966, 64
1651158908.786570, 64
1651158908.806978, 64
1651158908.821622, 64
1651158908.835264, 64
1651158908.849260, 65
1651158908.864781, 63
1651158908.878945, 62
1651158908.892330, 63
1651158908.907621, 63
1651158908.922565, 63
1651158908.936258, 63
1651158908.951905, 63
1651158908.967687, 65
1651158908.981195, 63
1651158908.994876, 65
1651158909.010648, 65
1651158909.026286, 65
1651158909.039965, 65
1651158909.053456, 64
1651158909.068078, 66
1651158909.082963, 66
1651158909.098208, 65
1651158909.111605, 64
1651158909.126836, 64
1651158909.139839, 66
1651158909.153611, 65
1651158909.167253, 64
1651158909.182955, 65
1651158909.197531, 64
1651158909.211852, 64
1651158909.227499, 63
1651158909.243438, 65
1651158909.256779, 64
1651158909.270320, 65
1651158909.285065, 65
1651158909.299057, 65
1651158909.313552, 64
1651158909.328089, 65
1651158909.342466, 66
1651158909.356528, 67
1651158909.372549, 67
1651158909.389146, 66
1651158909.404282, 66
1651158909.418040, 65
1651158909.431429, 65
1651158909.445993, 64
1651158909.460263, 65
1651158909.474353, 65
1651158909.487958, 65
1651158909.501783, 66
1651158909.517015, 65
1651158909.533047, 65
1651158909.551032, 66
1651158909.565278, 67
1651158909.579739, 65
1651158909.596307, 68
1651158909.609841, 66
1651158909.623460, 66
1651158909.639053, 65
1651158909.653244, 66
1651158909.666985, 68
1651158909.682002, 66
1651158909.695995, 67
1651158909.710796, 67
1651158909.726165, 67
1651158909.742961, 66
1651158909.756945, 66
1651158909.770688, 66
1651158909.784500, 66
1651158909.799842, 65
1651158909.815568, 66
1651158909.829483, 66
1651158909.844303, 68
1651158909.859177, 68
1651158909.872712, 68
1651158909.886668, 67
1651158909.901839, 67
1651158909.916174, 67
1651158909.930883, 67
1651158909.945112, 67
1651158909.959094, 68
1651158909.972444, 67
1651158909.986374, 68
1651158909.999858, 66
1651158910.013784, 67
1651158910.027241, 67
1651158910.040867, 68
1651158910.055283, 67
1651158910.068274, 67
1651158910.082963, 67
1651158910.096241, 66
1651158910.109884, 67
1651158910.123889, 68
1651158910.138103, 69
1651158910.151686, 67
1651158910.166876, 68
1651158910.180579, 67
1651158910.194728, 68
1651158910.208239, 68
1651158910.221684, 68
1651158910.235245, 69
1651158910.249121, 68
1651158910.262961, 69
1651158910.276861, 68
1651158910.292435, 68
1651158910.309056, 67
1651158910.323260, 67
1651158910.337195, 68
1651158910.351731, 67
1651158910.365650, 67
1651158910.379253, 68
1651158910.392586, 67
1651158910.406735, 69
1651158910.423567, 70
1651158910.438184, 70
1651158910.451684, 69
1651158910.464972, 68
1651158910.478975, 70
1651158910.492668, 69
1651158910.506075, 70
1651158910.520729, 68
1651158910.534678, 69
1651158910.549443, 70
1651158910.563071, 69
1651158910.576217, 67
1651158910.589814, 68
1651158910.603680, 68
1651158910.618379, 69
1651158910.631718, 69
1651158910.644939, 68
1651158910.658355, 68
1651158910.671593, 69
1651158910.685111, 69
1651158910.699189, 70
1651158910.712899, 70
1651158910.726985, 69
1651158910.741973, 70
1651158910.755623, 70
1651158910.768519, 69
1651158910.782908, 71
1651158910.796848, 70
1651158910.810797, 70
1651158910.824399, 71
1651158910.840800, 69
1651158910.854936, 69
1651158910.868688, 69
1651158910.883455, 69
1651158910.898734, 69
1651158910.911751, 68
1651158910.926401, 69
1651158910.940274, 68
1651158910.954364, 69
1651158910.970813, 70
1651158910.985374, 70
1651158910.999220, 71
1651158911.013521, 71
1651158911.027582, 71
1651158911.040756, 70
1651158911.054319, 72
1651158911.069639, 71
1651158911.083396, 70
1651158911.096834, 70
1651158911.110980, 70
1651158911.125525, 71
1651158911.143275, 71
1651158911.156881, 69
1651158911.171497, 71
1651158911.185045, 70
1651158911.198544, 70
1651158911.211502, 70
1651158911.225255, 70
1651158911.238882, 70
1651158911.252403, 69
1651158911.265999, 71
1651158911.279261, 71
1651158911.293873, 71
1651158911.308524, 71
1651158911.322836, 72
1651158911.338775, 72
1651158911.352469, 71
1651158911.366016, 71
1651158911.379885, 71
1651158911.393503, 71
1651158911.407145, 71
1651158911.420769, 71
1651158911.434857, 71
1651158911.449578, 71
1651158911.462891, 71
1651158911.476784, 71
1651158911.490506, 69
1651158911.505348, 70
1651158911.520472, 72
1651158911.536712, 70
1651158911.550714, 71
1651158911.564667, 73
1651158911.578723, 71
1651158911.593254, 71
1651158911.608726, 72
1651158911.622566, 72
1651158911.637542, 72
1651158911.651485, 73
1651158911.666706, 73
1651158911.679889, 73
1651158911.695155, 72
1651158911.709218, 73
1651158911.723605, 72
1651158911.737567, 71
1651158911.751041, 73
1651158911.764978, 72
1651158911.778467, 72
1651158911.792274, 72
1651158911.806077, 72
1651158911.820286, 72
1651158911.833970, 71
1651158911.847567, 72
1651158911.860877, 71
1651158911.874014, 74
1651158911.888483, 72
1651158911.903140, 73
1651158911.918168, 73
1651158911.933375, 72
1651158911.947132, 73
1651158911.960045, 75
1651158911.973992, 74
1651158911.987750, 75
1651158912.001340, 74
1651158912.016005, 74
1651158912.029657, 74
1651158912.046641, 73
1651158912.061069, 73
1651158912.075093, 72
1651158912.089658, 74
1651158912.103137, 73
1651158912.118038, 72
1651158912.132567, 73
1651158912.147157, 73
1651158912.161135, 73
1651158912.175069, 74
1651158912.188516, 73
1651158912.202648, 75
1651158912.216213, 74
1651158912.229901, 74
1651158912.244573, 74
1651158912.258179, 74
1651158912.271903, 74
1651158912.285468, 73
1651158912.299287, 74
1651158912.313193, 74
1651158912.326911, 74
1651158912.340164, 74
1651158912.354182, 74
1651158912.368478, 74
1651158912.382442, 73
1651158912.395420, 73
1651158912.409593, 73
1651158912.422768, 73
1651158912.436133, 73
1651158912.449816, 73
1651158912.463478, 74
1651158912.477229, 74
1651158912.490392, 75
1651158912.503474, 75
1651158912.517119, 74
1651158912.530460, 74
1651158912.544470, 75
1651158912.558210, 73
1651158912.571892, 75
1651158912.586550, 76
1651158912.600004, 75
1651158912.614712, 75
1651158912.628320, 73
1651158912.643164, 74
1651158912.657336, 74
1651158912.670642, 72
1651158912.683715, 74
1651158912.698767, 74
1651158912.712393, 73
1651158912.729476, 74
1651158912.754117, 74
1651158912.770736, 74
1651158912.785437, 75
1651158912.799298, 74
1651158912.812931, 75
1651158912.828694, 75
1651158912.843273, 76
1651158912.856931, 77
1651158912.871661, 77
1651158912.885806, 77
1651158912.899433, 75
1651158912.913096, 77
1651158912.927165, 76
1651158912.940611, 77
1651158912.954184, 75
1651158912.967909, 77
1651158912.981740, 76
1651158912.995034, 75
1651158913.008961, 75
1651158913.022901, 76
1651158913.036612, 74
1651158913.050157, 74
1651158913.063468, 74
1651158913.077108, 77
1651158913.090085, 76
1651158913.103216, 76
1651158913.116491, 76
1651158913.130949, 76
1651158913.150251, 76
1651158913.163690, 76
1651158913.176555, 76
1651158913.189544, 76
1651158913.204041, 76
1651158913.226318, 76
1651158913.242762, 76
1651158913.256201, 77
1651158913.269497, 76
1651158913.283023, 75
1651158913.296430, 75
1651158913.309433, 76
1651158913.323090, 75
1651158913.337018, 75
1651158913.351402, 75
1651158913.364778, 77
1651158913.377890, 78
1651158913.391489, 76
1651158913.406897, 77
1651158913.419854, 77
1651158913.433975, 77
1651158913.448278, 77
1651158913.462318, 76
1651158913.476319, 77
1651158913.490930, 76
1651158913.504252, 76
1651158913.518262, 78
1651158913.531577, 77
1651158913.545136, 75
1651158913.558422, 76
1651158913.571945, 77
1651158913.586600, 76
1651158913.599822, 76
1651158913.613880, 75
1651158913.627189, 77
1651158913.641282, 77
1651158913.655683, 77
1651158913.669717, 76
1651158913.685121, 79
1651158913.700754, 79
1651158913.715471, 78
1651158913.729188, 78
1651158913.744931, 78
1651158913.759645, 76
1651158913.773461, 78
1651158913.787047, 77
1651158913.801670, 77
1651158913.815458, 78
1651158913.829317, 77
1651158913.843751, 77
1651158913.857564, 78
1651158913.871320, 77
1651158913.885344, 76
1651158913.899050, 78
1651158913.912419, 77
1651158913.926293, 77
1651158913.939817, 77
1651158913.954736, 77
1651158913.968068, 77
1651158913.983029, 77
1651158913.996735, 78
1651158914.010344, 78
1651158914.023952, 79
1651158914.038908, 78
1651158914.052319, 77
1651158914.065989, 79
1651158914.079564, 78
1651158914.093333, 79
1651158914.107962, 78
1651158914.121761, 79
1651158914.136338, 78
1651158914.150017, 79
1651158914.163412, 78
1651158914.177083, 77
1651158914.190845, 78
1651158914.204178, 78
1651158914.219033, 77
1651158914.233013, 79
1651158914.247173, 79
1651158914.260925, 78
1651158914.275133, 77
1651158914.289021, 77
1651158914.302990, 79
1651158914.316717, 79
1651158914.330313, 80
1651158914.344494, 79
1651158914.358236, 79
1651158914.371920, 78
1651158914.386988, 80
1651158914.401161, 80
1651158914.415631, 79
1651158914.429409, 79
1651158914.443387, 79
1651158914.457073, 78
1651158914.470912, 80
1651158914.484275, 78
1651158914.498352, 78
1651158914.511646, 79
1651158914.525307, 79
1651158914.542781, 78
1651158914.557165, 78
1651158914.571230, 78
1651158914.584960, 79
1651158914.601376, 80
1651158914.623844, 80
1651158914.637991, 80
1651158914.653509, 80
1651158914.668010, 79
1651158914.682803, 80
1651158914.696566, 80
1651158914.712008, 80
1651158914.725978, 80
1651158914.739696, 80
1651158914.754154, 81
1651158914.769970, 79
1651158914.785605, 78
1651158914.803215, 79
1651158914.816737, 78
1651158914.830541, 78
1651158914.844756, 79
1651158914.859006, 80
1651158914.872677, 80
1651158914.890794, 78
1651158914.904755, 79
1651158914.918552, 81
1651158914.931796, 81
1651158914.947353, 81
1651158914.961033, 79
1651158914.975041, 82
1651158914.989074, 81
1651158915.002667, 81
1651158915.016341, 80
1651158915.029857, 81
1651158915.043611, 81
1651158915.058271, 80
1651158915.071941, 81
1651158915.085594, 81
1651158915.099139, 82
1651158915.113008, 81
1651158915.126644, 81
1651158915.140200, 80
1651158915.153883, 80
1651158915.168010, 80
1651158915.181936, 80
1651158915.195257, 81
1651158915.208363, 81
1651158915.222808, 81
1651158915.236734, 81
1651158915.250396, 82
1651158915.264015, 81
1651158915.277710, 80
1651158915.290996, 82
1651158915.304799, 82
1651158915.318549, 81
1651158915.332171, 82
1651158915.345612, 82
1651158915.358988, 82
1651158915.372283, 82
1651158915.389070, 82
1651158915.402325, 81
1651158915.415963, 80
1651158915.429725, 81
1651158915.444734, 80
1651158915.458265, 83
1651158915.471741, 81
1651158915.485020, 81
1651158915.499069, 81
1651158915.513090, 80
1651158915.527651, 82
1651158915.540820, 80
1651158915.556294, 83
1651158915.569688, 81
1651158915.583615, 82
1651158915.597080, 81
1651158915.611129, 82
1651158915.625621, 82
1651158915.639755, 82
1651158915.653524, 81
1651158915.669271, 83
1651158915.692697, 82
1651158915.706352, 83
1651158915.720138, 82
1651158915.734749, 82
1651158915.748437, 82
1651158915.762094, 81
1651158915.775739, 82
1651158915.789278, 81
1651158915.803020, 83
1651158915.817596, 83
1651158915.831734, 82
1651158915.845985, 81
1651158915.859666, 83
1651158915.873718, 83
1651158915.888333, 83
1651158915.903949, 83
1651158915.918654, 83
1651158915.933255, 82
1651158915.947839, 82
1651158915.962540, 83
1651158915.975902, 83
1651158915.989830, 85
1651158916.003591, 84
1651158916.018279, 83
1651158916.032909, 84
1651158916.047932, 82
1651158916.062596, 83
1651158916.076492, 82
1651158916.090703, 82
1651158916.104379, 83
1651158916.128555, 81
1651158916.143473, 82
1651158916.158226, 83
1651158916.173562, 82
1651158916.187087, 83
1651158916.200480, 84
1651158916.215169, 83
1651158916.228770, 83
1651158916.242153, 84
1651158916.255740, 84
1651158916.269744, 84
1651158916.283400, 84
1651158916.296871, 84
1651158916.310192, 84
1651158916.323768, 85
1651158916.337495, 84
1651158916.352421, 85
1651158916.366027, 84
1651158916.380696, 83
1651158916.395223, 83
1651158916.408910, 84
1651158916.422779, 82
1651158916.436065, 83
1651158916.450130, 83
1651158916.463410, 84
1651158916.476743, 83
1651158916.489853, 83
1651158916.503009, 84
1651158916.517575, 84
1651158916.531628, 86
1651158916.546605, 85
1651158916.561278, 84
1651158916.576012, 84
1651158916.589601, 84
1651158916.603486, 84
1651158916.617075, 85
1651158916.630776, 85
1651158916.644513, 85
1651158916.658648, 85
1651158916.672627, 85
1651158916.686216, 86
1651158916.700648, 84
1651158916.714547, 84
1651158916.729979, 84
1651158916.743869, 84
1651158916.758276, 82
1651158916.771741, 83
1651158916.787655, 84
1651158916.801301, 85
1651158916.814745, 83
1651158916.827910, 85
1651158916.842498, 85
1651158916.858102, 85
1651158916.871768, 85
1651158916.887067, 84
1651158916.901141, 85
1651158916.916260, 86
1651158916.930096, 85
1651158916.943839, 85
1651158916.959394, 85
1651158916.974051, 85
1651158916.987598, 85
1651158917.001064, 85
1651158917.015498, 85
1651158917.029057, 83
1651158917.043972, 85
1651158917.059368, 85
1651158917.074685, 85
1651158917.090538, 86
1651158917.103853, 85
1651158917.117757, 84
1651158917.131327, 84
1651158917.145208, 85
1651158917.158743, 86
1651158917.174395, 86
1651158917.187511, 85
1651158917.202058, 86
1651158917.215522, 85
1651158917.230194, 86
1651158917.245129, 86
1651158917.258881, 86
1651158917.272770, 85
1651158917.286114, 87
1651158917.299810, 86
1651158917.313620, 87
1651158917.331420, 86
1651158917.346063, 86
1651158917.359640, 87
1651158917.374941, 85
1651158917.389952, 84
1651158917.403558, 85
1651158917.417001, 86
1651158917.431876, 85
1651158917.448682, 84
1651158917.463636, 85
1651158917.477258, 85
1651158917.490910, 86
1651158917.506198, 85
1651158917.519842, 86
1651158917.533521, 87
1651158917.549174, 87
1651158917.562835, 87
1651158917.576606, 86
1651158917.590073, 87
1651158917.604805, 86
1651158917.619508, 87
1651158917.632848, 86
1651158917.646870, 87
1651158917.662085, 87
1651158917.675769, 87
1651158917.690043, 86
1651158917.703970, 86
1651158917.719390, 85
1651158917.734217, 86
1651158917.747818, 85
1651158917.761478, 86
1651158917.776351, 86
1651158917.790357, 86
1651158917.805267, 87
1651158917.820408, 86
1651158917.834377, 87
1651158917.848781, 87
1651158917.866673, 87
1651158917.880908, 88
1651158917.898732, 87
1651158917.912445, 87
1651158917.926642, 87
1651158917.940838, 88
1651158917.954853, 87
1651158917.968450, 86
1651158917.982778, 87
1651158917.995888, 88
1651158918.010558, 88
1651158918.025539, 86
1651158918.039695, 88
1651158918.054616, 88
1651158918.070415, 88
1651158918.084680, 86
1651158918.099319, 87
1651158918.113092, 86
1651158918.127334, 87
1651158918.142142, 87
1651158918.157088, 89
1651158918.170922, 87
1651158918.184263, 88
1651158918.202265, 88
1651158918.216349, 89
1651158918.230388, 88
1651158918.243879, 89
1651158918.257533, 88
1651158918.270467, 89
1651158918.283718, 88
1651158918.296954, 88
1651158918.310663, 89
1651158918.325371, 88
1651158918.338950, 88
1651158918.352244, 88
1651158918.365568, 88
1651158918.380643, 88
1651158918.394653, 87
1651158918.409155, 87
1651158918.425789, 89
1651158918.439174, 87
1651158918.453810, 87
1651158918.468108, 89
1651158918.484568, 89
1651158918.498112, 89
1651158918.511767, 88
1651158918.527474, 89
1651158918.542163, 89
1651158918.555932, 89
1651158918.569931, 90
1651158918.583754, 89
1651158918.597344, 89
1651158918.612272, 90
1651158918.626420, 91
1651158918.640692, 88
1651158918.654270, 89
1651158918.668881, 88
1651158918.684335, 89
1651158918.700936, 88
1651158918.714906, 88
1651158918.728450, 88
1651158918.752805, 88
1651158918.767366, 89
1651158918.782646, 88
1651158918.799322, 88
1651158918.814170, 89
1651158918.827880, 88
1651158918.842569, 89
1651158918.856218, 89
1651158918.870433, 89
1651158918.883900, 90
1651158918.898875, 90
1651158918.913434, 89
1651158918.927599, 89
1651158918.941620, 90
1651158918.955320, 91
1651158918.970654, 92
1651158918.985416, 91
1651158918.999052, 90
1651158919.013590, 89
1651158919.029296, 91
1651158919.043715, 90
1651158919.056994, 88
1651158919.070701, 89
1651158919.085178, 89
1651158919.098637, 89
1651158919.113521, 89
1651158919.127132, 89
1651158919.141826, 89
1651158919.156595, 88
1651158919.170495, 88
1651158919.184786, 90
1651158919.200428, 89
1651158919.215065, 90
1651158919.229427, 90
1651158919.243430, 91
1651158919.257833, 91
1651158919.271765, 90
1651158919.287062, 91
1651158919.300674, 89
1651158919.315287, 90
1651158919.330372, 90
1651158919.344047, 91
1651158919.359395, 90
1651158919.373102, 90
1651158919.387703, 91
1651158919.401510, 90
1651158919.415318, 90
1651158919.429424, 90
1651158919.443255, 90
1651158919.459668, 90
1651158919.472756, 89
1651158919.487518, 89
1651158919.502205, 89
1651158919.515785, 90
1651158919.530144, 91
1651158919.544840, 92
1651158919.558830, 91
1651158919.572524, 91
1651158919.586038, 92
1651158919.600000, 91
1651158919.616735, 92
1651158919.631317, 89
1651158919.645195, 91
1651158919.662701, 93
1651158919.679131, 90
1651158919.693448, 91
1651158919.706913, 91
1651158919.720962, 91
1651158919.734877, 92
1651158919.750070, 90
1651158919.763696, 90
1651158919.778376, 92
1651158919.792391, 89
1651158919.810253, 89
1651158919.826797, 91
1651158919.839925, 89
1651158919.855830, 91
1651158919.880471, 91
1651158919.896617, 90
1651158919.912094, 92
1651158919.925290, 91
1651158919.938837, 92
1651158919.952196, 92
1651158919.966584, 93
1651158919.982146, 92
1651158919.998087, 92
1651158920.012061, 92
1651158920.027156, 92
1651158920.041387, 90
1651158920.054668, 92
1651158920.068064, 92
1651158920.082787, 92
1651158920.096758, 92
1651158920.120204, 91
1651158920.135551, 91
1651158920.149570, 92
1651158920.163926, 91
1651158920.178913, 92
1651158920.192734, 92
1651158920.206656, 92
1651158920.220336, 92
1651158920.233854, 92
1651158920.248837, 92
1651158920.263388, 93
1651158920.277053, 91
1651158920.291733, 92
1651158920.306433, 92
1651158920.320389, 93
1651158920.334020, 91
1651158920.347471, 92
1651158920.362016, 94
1651158920.376575, 92
1651158920.390066, 94
1651158920.404009, 93
1651158920.418922, 93
1651158920.441129, 93
1651158920.454923, 92
1651158920.468425, 93
1651158920.482428, 92
1651158920.495703, 92
1651158920.509592, 92
1651158920.523719, 93
1651158920.536958, 92
1651158920.549954, 92
1651158920.563384, 93
1651158920.576851, 93
1651158920.590547, 92
1651158920.605318, 93
1651158920.618949, 93
1651158920.632628, 95
1651158920.647265, 93
1651158920.660833, 94
1651158920.674809, 93
1651158920.689136, 95
1651158920.702804, 94
1651158920.716454, 93
1651158920.729582, 93
1651158920.751208, 94
1651158920.764705, 93
1651158920.778448, 93
1651158920.793174, 93
1651158920.807405, 94
1651158920.822114, 91
1651158920.836950, 92
1651158920.851384, 92
1651158920.865710, 92
1651158920.879466, 94
1651158920.895056, 93
1651158920.909607, 94
1651158920.923825, 95
1651158920.937205, 96
1651158920.950740, 94
1651158920.965270, 94
1651158920.978905, 94
1651158920.994540, 95
1651158921.008902, 95
1651158921.022686, 94
1651158921.036077, 93
1651158921.049710, 95
1651158921.063444, 94
1651158921.077481, 94
1651158921.092148, 95
1651158921.105588, 95
1651158921.119208, 96
1651158921.132927, 95
1651158921.147135, 93
1651158921.160472, 93
1651158921.176555, 93
1651158921.190858, 94
1651158921.204730, 94
1651158921.218367, 93
1651158921.232010, 94
1651158921.245113, 95
1651158921.258642, 95
1651158921.274375, 93
1651158921.287958, 93
1651158921.302916, 94
1651158921.317460, 96
1651158921.330575, 94
1651158921.345119, 93
1651158921.360716, 95
1651158921.374620, 96
1651158921.390334, 94
1651158921.404040, 96
1651158921.418558, 94
1651158921.432649, 95
1651158921.447558, 96
1651158921.461274, 96
1651158921.476387, 95
1651158921.490110, 94
1651158921.504031, 94
1651158921.518559, 95
1651158921.533194, 94
1651158921.547425, 94
1651158921.563604, 94
1651158921.578508, 95
1651158921.594543, 94
1651158921.608709, 95
1651158921.622830, 95
1651158921.636555, 96
1651158921.649764, 95
1651158921.663298, 97
1651158921.680857, 96
1651158921.694557, 95
1651158921.708049, 96
1651158921.721791, 96
1651158921.736928, 96
1651158921.750543, 95
1651158921.765641, 95
1651158921.779393, 96
1651158921.794877, 95
1651158921.812046, 95
1651158921.825796, 96
1651158921.849825, 94
1651158921.865496, 96
1651158921.879965, 94
1651158921.894643, 95
1651158921.908307, 95
1651158921.921726, 97
1651158921.935781, 94
1651158921.949474, 96
1651158921.963189, 97
1651158921.977404, 96
1651158921.991054, 96
1651158922.004956, 96
1651158922.018796, 97
1651158922.032137, 97
1651158922.045706, 96
1651158922.060485, 96
1651158922.074293, 97
1651158922.089736, 95
1651158922.103398, 97
1651158922.117365, 97
1651158922.131012, 95
1651158922.146308, 97
1651158922.159819, 97
1651158922.173253, 95
1651158922.186647, 97
1651158922.201017, 97
1651158922.214886, 95
1651158922.229376, 96
1651158922.243095, 95
1651158922.258827, 97
1651158922.278233, 95
1651158922.294317, 95
1651158922.307823, 95
1651158922.321228, 96
1651158922.336193, 96
1651158922.350249, 97
1651158922.363956, 98
1651158922.377428, 97
1651158922.392881, 97
1651158922.406774, 96
1651158922.420974, 97
1651158922.434641, 97
1651158922.449760, 97
1651158922.462690, 97
1651158922.476411, 97
1651158922.490276, 97
1651158922.504732, 98
1651158922.519426, 96
1651158922.534485, 97
1651158922.547876, 98
1651158922.561665, 97
1651158922.576822, 97
1651158922.592443, 95
1651158922.607020, 96
1651158922.620924, 97
1651158922.634137, 98
1651158922.647273, 96
1651158922.661579, 96
1651158922.675225, 98
1651158922.688757, 97
1651158922.703528, 97
1651158922.716829, 98
1651158922.730872, 98
1651158922.752220, 98
1651158922.768495, 98
1651158922.782965, 98
1651158922.796716, 98
1651158922.810010, 97
1651158922.823338, 97
1651158922.836979, 98
1651158922.850630, 98
1651158922.864598, 97
1651158922.878265, 97
1651158922.891999, 99
1651158922.905260, 97
1651158922.918707, 99
1651158922.932864, 96
1651158922.947076, 98
1651158922.968837, 97
1651158922.983944, 96
1651158922.998669, 97
1651158923.012134, 96
1651158923.026569, 97
1651158923.040217, 97
1651158923.054020, 99
1651158923.068456, 98
1651158923.082090, 98
1651158923.096708, 98
1651158923.110717, 99
1651158923.124651, 99
1651158923.138335, 98
1651158923.159615, 99
1651158923.174231, 99
1651158923.187935, 98
1651158923.201661, 98
1651158923.215451, 99
1651158923.229839, 99
1651158923.243283, 97
1651158923.258870, 98
1651158923.272904, 97
1651158923.286584, 98
1651158923.301088, 97
1651158923.314782, 96
1651158923.328369, 99
1651158923.341731, 98
1651158923.355506, 97
1651158923.369414, 98
1651158923.383066, 98
1651158923.396376, 99
1651158923.410326, 99
1651158923.424123, 99
1651158923.438704, 99
1651158923.453385, 99
1651158923.467749, 100
1651158923.481653, 99
1651158923.496389, 99
1651158923.510701, 100
1651158923.524209, 99
1651158923.539097, 99
1651158923.552884, 99
1651158923.566158, 99
1651158923.579549, 99
1651158923.593907, 99
1651158923.608295, 100
1651158923.623597, 99
1651158923.636992, 97
1651158923.652780, 100
1651158923.669443, 99
1651158923.683989, 99
1651158923.698308, 99
1651158923.711961, 99
1651158923.725050, 98
1651158923.738209, 98
1651158923.751489, 99
1651158923.765580, 100
1651158923.779531, 99
1651158923.793071, 100
1651158923.806840, 99
1651158923.821033, 99
1651158923.834887, 99
1651158923.860410, 98
1651158923.875126, 99
1651158923.889873, 98
1651158923.906382, 100
1651158923.920618, 98
1651158923.934683, 99
1651158923.948372, 98
1651158923.963031, 99
1651158923.977577, 99
1651158923.990916, 98
1651158924.003950, 97
1651158924.017184, 98
1651158924.030728, 99
1651158924.044447, 98
1651158924.058034, 98
1651158924.071544, 97
1651158924.085218, 98
1651158924.098692, 97
1651158924.111887, 98
1651158924.124752, 99
1651158924.137633, 100
1651158924.151301, 99
1651158924.164117, 97
1651158924.178053, 98
1651158924.193556, 97
1651158924.207261, 98
1651158924.220955, 97
1651158924.234636, 96
1651158924.248192, 96
1651158924.261867, 97
1651158924.275655, 96
1651158924.289307, 94
1651158924.303828, 88
1651158924.317514, 82
1651158924.331218, 77
1651158924.346022, 72
1651158924.360059, 66
1651158924.374024, 61
1651158924.388133, 55
1651158924.401980, 50
1651158924.415342, 48
1651158924.429530, 47
1651158924.443817, 47
1651158924.457489, 47
1651158924.471161, 47
1651158924.484853, 48
1651158924.498597, 47
1651158924.512153, 48
1651158924.525313, 47
1651158924.538699, 48
1651158924.552037, 47
1651158924.565178, 47
1651158924.579016, 48
1651158924.592696, 48
1651158924.605692, 48
1651158924.619463, 47
1651158924.632936, 48
1651158924.646822, 47
1651158924.660885, 47
1651158924.674715, 48
1651158924.690361, 48
1651158924.705559, 49
1651158924.718635, 48
1651158924.733246, 49
1651158924.747773, 49
1651158924.761568, 48
1651158924.775265, 48
1651158924.788993, 48
1651158924.803570, 47
1651158924.818190, 47
1651158924.831871, 49
1651158924.847058, 48
1651158924.861701, 48
1651158924.875365, 47
1651158924.889021, 49
1651158924.904653, 49
1651158924.919280, 49
1651158924.932949, 48
1651158924.946650, 49
1651158924.960233, 49
1651158924.973941, 51
1651158924.988159, 49
1651158925.002323, 49
1651158925.015355, 48
1651158925.029168, 48
1651158925.043378, 49
1651158925.056244, 48
1651158925.069724, 49
1651158925.083400, 49
1651158925.096895, 49
1651158925.110606, 49
1651158925.124251, 49
1651158925.137987, 50
1651158925.151189, 49
1651158925.164614, 51
1651158925.178036, 50
1651158925.191085, 51
1651158925.204847, 51
1651158925.219429, 50
1651158925.234632, 51
1651158925.248086, 52
1651158925.262387, 50
1651158925.275952, 49
1651158925.289634, 49
1651158925.303412, 49
1651158925.318692, 50
1651158925.332148, 49
1651158925.346809, 49
1651158925.360477, 51
1651158925.374152, 50
1651158925.387826, 52
1651158925.401362, 52
1651158925.417074, 52
1651158925.431786, 51
1651158925.449412, 51
1651158925.464097, 52
1651158925.478659, 50
1651158925.493274, 52
1651158925.507117, 49
1651158925.521811, 51
1651158925.535240, 51
1651158925.558177, 50
1651158925.576629, 50
1651158925.592331, 51
1651158925.607020, 51
1651158925.622931, 51
1651158925.637338, 53
1651158925.651230, 51
1651158925.664612, 52
1651158925.678498, 52
1651158925.691853, 52
1651158925.705796, 52
1651158925.719531, 52
1651158925.733169, 52
1651158925.747052, 51
1651158925.760638, 51
1651158925.774764, 51
1651158925.788453, 52
1651158925.801952, 52
1651158925.815700, 51
1651158925.829330, 52
1651158925.843034, 51
1651158925.856852, 52
1651158925.870310, 53
1651158925.884924, 52
1651158925.898856, 53
1651158925.912812, 53
1651158925.927422, 53
1651158925.942068, 53
1651158925.956711, 54
1651158925.970339, 54
1651158925.983998, 54
1651158925.997672, 53
1651158926.012353, 53
1651158926.026018, 52
1651158926.040653, 52
1651158926.055314, 53
1651158926.068966, 54
1651158926.082860, 52
1651158926.096504, 52
1651158926.110260, 53
1651158926.124123, 55
1651158926.138014, 53
1651158926.151355, 54
1651158926.164217, 54
1651158926.177336, 54
1651158926.192042, 54
1651158926.206111, 54
1651158926.220893, 55
1651158926.235116, 54
1651158926.248984, 54
1651158926.263924, 52
1651158926.277737, 54
1651158926.291628, 53
1651158926.305431, 53
1651158926.319162, 52
1651158926.333003, 52
1651158926.347747, 54
1651158926.361735, 53
1651158926.375383, 55
1651158926.389244, 54
1651158926.403463, 54
1651158926.418448, 54
1651158926.432739, 54
1651158926.446568, 55
1651158926.460080, 55
1651158926.474078, 55
1651158926.487876, 54
1651158926.502122, 54
1651158926.516199, 55
1651158926.530261, 55
1651158926.545229, 55
1651158926.559092, 54
1651158926.573203, 55
1651158926.587713, 54
1651158926.600630, 55
1651158926.614097, 56
1651158926.627788, 56
1651158926.641430, 56
1651158926.655225, 55
1651158926.669287, 55
1651158926.682950, 56
1651158926.696635, 56
1651158926.710280, 54
1651158926.723934, 57
1651158926.737596, 55
1651158926.751884, 54
1651158926.765480, 55
1651158926.779178, 55
1651158926.792313, 55
1651158926.805407, 54
1651158926.819279, 55
1651158926.832756, 56
1651158926.847002, 55
1651158926.860182, 56
1651158926.874846, 57
1651158926.888966, 57
1651158926.903005, 56
1651158926.917078, 56
1651158926.930652, 56
1651158926.944329, 58
1651158926.965842, 57
1651158926.980710, 56
1651158926.995278, 56
1651158927.008603, 57
1651158927.022169, 56
1651158927.035756, 55
1651158927.049692, 56
1651158927.063300, 57
1651158927.077022, 55
1651158927.090966, 57
1651158927.105525, 57
1651158927.119384, 57
1651158927.134147, 58
1651158927.149021, 58
1651158927.162770, 57
1651158927.177379, 56
1651158927.192900, 56
1651158927.207003, 57
1651158927.220546, 57
1651158927.234526, 58
1651158927.248967, 56
1651158927.263542, 57
1651158927.277171, 58
1651158927.290677, 57
1651158927.304399, 57
1651158927.318803, 57
1651158927.332254, 58
1651158927.347093, 57
1651158927.360729, 56
1651158927.374398, 57
1651158927.389112, 58
1651158927.402698, 58
1651158927.418520, 59
1651158927.432584, 58
1651158927.447181, 58
1651158927.465720, 59
1651158927.479815, 57
1651158927.493438, 59
1651158927.507270, 57
1651158927.531231, 57
1651158927.547371, 58
1651158927.561121, 58
1651158927.575226, 58
1651158927.589482, 57
1651158927.602947, 58
1651158927.616187, 58
1651158927.629504, 57
1651158927.643744, 58
1651158927.658210, 60
1651158927.672286, 59
1651158927.685934, 58
1651158927.699323, 58
1651158927.712242, 59
1651158927.725588, 59
1651158927.740814, 60
1651158927.755444, 58
1651158927.768936, 60
1651158927.782943, 58
1651158927.796779, 58
1651158927.810895, 57
1651158927.825299, 58
1651158927.840223, 58
1651158927.854067, 58
1651158927.868684, 58
1651158927.882196, 59
1651158927.897021, 59
1651158927.911658, 60
1651158927.926136, 60
1651158927.939921, 60
1651158927.954017, 60
1651158927.968520, 60
1651158927.983247, 61
1651158927.997143, 60
1651158928.010704, 61
1651158928.024468, 60
1651158928.038951, 59
1651158928.052558, 60
1651158928.067502, 60
1651158928.080933, 59
1651158928.095109, 60
1651158928.109349, 60
1651158928.123879, 61
1651158928.139043, 60
1651158928.152657, 58
1651158928.166553, 60
1651158928.180015, 61
1651158928.193673, 61
1651158928.208371, 61
1651158928.222966, 61
1651158928.236749, 60
1651158928.253234, 59
1651158928.266944, 61
1651158928.280531, 61
1651158928.295264, 61
1651158928.310169, 58
1651158928.324263, 60
1651158928.340028, 60
1651158928.354416, 60
1651158928.369000, 60
1651158928.382941, 60
1651158928.407957, 61
1651158928.421036, 61
1651158928.436373, 62
1651158928.451033, 61
1651158928.466264, 61
1651158928.481258, 60
1651158928.494885, 62
1651158928.511225, 62
1651158928.525639, 60
1651158928.543025, 63
1651158928.556610, 61
1651158928.571425, 61
1651158928.585609, 60
1651158928.599942, 60
1651158928.614020, 61
1651158928.627575, 60
1651158928.641281, 61
1651158928.654842, 62
1651158928.668819, 61
1651158928.683691, 61
1651158928.697926, 61
1651158928.711384, 63
1651158928.725099, 62
1651158928.739169, 61
1651158928.752671, 63
1651158928.767338, 63
1651158928.781069, 62
1651158928.794654, 61
1651158928.808080, 60
1651158928.821495, 64
1651158928.835830, 64
1651158928.850220, 62
1651158928.863983, 63
1651158928.879883, 62
1651158928.895163, 63
1651158928.908824, 62
1651158928.923431, 62
1651158928.937170, 62
1651158928.951620, 62
1651158928.965362, 63
1651158928.978903, 64
1651158928.992531, 63
1651158929.007194, 63
1651158929.021911, 62
1651158929.035307, 64
1651158929.049852, 63
1651158929.063524, 63
1651158929.078320, 64
1651158929.092830, 63
1651158929.106676, 64
1651158929.120116, 62
1651158929.133889, 63
1651158929.147442, 61
1651158929.162160, 64
1651158929.176742, 63
1651158929.192849, 63
1651158929.207178, 63
1651158929.220309, 63
1651158929.234414, 63
1651158929.249184, 65
1651158929.263632, 64
1651158929.279379, 64
1651158929.293845, 63
1651158929.307734, 65
1651158929.323219, 64
1651158929.337311, 65
1651158929.351762, 64
1651158929.367086, 64
1651158929.380813, 63
1651158929.393965, 63
1651158929.407197, 64
1651158929.420868, 63
1651158929.434163, 64
1651158929.448706, 63
1651158929.461832, 64
1651158929.477183, 64
1651158929.491583, 63
1651158929.506133, 65
1651158929.519863, 64
1651158929.534943, 66
1651158929.548598, 66
1651158929.562884, 65
1651158929.576598, 65
1651158929.590646, 65
1651158929.604962, 65
1651158929.619677, 65
1651158929.632868, 65
1651158929.648653, 66
1651158929.663320, 65
1651158929.676996, 64
1651158929.691212, 65
1651158929.705291, 64
1651158929.718894, 65
1651158929.734354, 64
1651158929.748122, 65
1651158929.763193, 64
1651158929.777644, 65
1651158929.792087, 66
1651158929.808099, 66
1651158929.821516, 64
1651158929.835355, 66
1651158929.848797, 64
1651158929.862662, 67
1651158929.876490, 66
1651158929.891315, 67
1651158929.905194, 66
1651158929.918767, 66
1651158929.933389, 67
1651158929.947761, 65
1651158929.962704, 64
1651158929.977121, 64
1651158929.991085, 66
1651158930.004733, 65
1651158930.018925, 65
1651158930.033052, 66
1651158930.047604, 65
1651158930.062292, 67
1651158930.076954, 64
1651158930.091517, 66
1651158930.105165, 67
1651158930.119934, 67
1651158930.134063, 66
1651158930.149208, 66
1651158930.163561, 67
1651158930.177611, 67
1651158930.191285, 66
1651158930.204986, 68
1651158930.219631, 66
1651158930.234279, 67
1651158930.248049, 66
1651158930.261408, 66
1651158930.274566, 66
1651158930.287827, 67
1651158930.301199, 66
1651158930.315520, 67
1651158930.330261, 65
1651158930.345016, 67
1651158930.359606, 68
1651158930.375148, 67
1651158930.388807, 68
1651158930.402322, 67
1651158930.418868, 68
1651158930.432123, 66
1651158930.446934, 67
1651158930.460355, 67
1651158930.475252, 68
1651158930.489017, 67
1651158930.507881, 67
1651158930.521806, 65
1651158930.538726, 66
1651158930.552329, 66
1651158930.566880, 67
1651158930.580646, 67
1651158930.594493, 66
1651158930.608389, 67
1651158930.623553, 69
1651158930.637096, 68
1651158930.651468, 68
1651158930.665529, 67
1651158930.679335, 69
1651158930.695080, 67
1651158930.710292, 66
1651158930.723521, 68
1651158930.738447, 69
1651158930.752440, 69
1651158930.766942, 68
1651158930.781617, 68
1651158930.795031, 68
1651158930.818316, 69
1651158930.831527, 69
1651158930.845797, 69
1651158930.860152, 68
1651158930.874692, 69
1651158930.889567, 69
1651158930.903146, 66
1651158930.917332, 68
1651158930.931321, 69
1651158930.946374, 70
1651158930.963192, 69
1651158930.976793, 69
1651158930.990527, 68
1651158931.004844, 69
1651158931.018744, 69
1651158931.032472, 68
1651158931.046439, 69
1651158931.060226, 69
1651158931.073967, 68
1651158931.087583, 68
1651158931.101408, 68
1651158931.115094, 69
1651158931.129479, 68
1651158931.143828, 68
1651158931.157686, 68
1651158931.173422, 68
1651158931.187000, 69
1651158931.201604, 69
1651158931.215438, 69
1651158931.231686, 69
1651158931.244769, 69
1651158931.258592, 70
1651158931.272548, 70
1651158931.286647, 71
1651158931.301066, 71
1651158931.314930, 70
1651158931.328324, 70
1651158931.341662, 70
1651158931.356988, 70
1651158931.371087, 68
1651158931.386030, 69
1651158931.399349, 70
1651158931.412734, 69
1651158931.426694, 69
1651158931.440372, 69
1651158931.454287, 69
1651158931.467670, 70
1651158931.481642, 71
1651158931.495348, 71
1651158931.509012, 70
1651158931.522897, 72
1651158931.536227, 71
1651158931.549187, 70
1651158931.562431, 71
1651158931.575941, 71
1651158931.589637, 70
1651158931.603708, 70
1651158931.617984, 70
1651158931.631536, 71
1651158931.644854, 71
1651158931.658296, 70
1651158931.672250, 71
1651158931.686022, 71
1651158931.699513, 70
1651158931.713105, 71
1651158931.726795, 71
1651158931.740495, 71
1651158931.754058, 70
1651158931.767842, 71
1651158931.781575, 71
1651158931.795367, 72
1651158931.809910, 70
1651158931.823452, 71
1651158931.836295, 71
1651158931.849566, 72
1651158931.862498, 72
1651158931.875548, 71
1651158931.888819, 72
1651158931.903123, 73
1651158931.917694, 72
1651158931.932133, 71
1651158931.947860, 71
1651158931.962473, 71
1651158931.975961, 70
1651158931.990463, 71
1651158932.003987, 70
1651158932.016881, 71
1651158932.030908, 72
1651158932.045117, 71
1651158932.060761, 71
1651158932.077231, 71
1651158932.091267, 72
1651158932.104626, 72
1651158932.118133, 72
1651158932.131923, 72
1651158932.146503, 72
1651158932.160187, 72
1651158932.174833, 73
1651158932.188078, 72
1651158932.201642, 71
1651158932.215157, 72
1651158932.229447, 72
1651158932.242783, 71
1651158932.258124, 72
1651158932.271797, 70
1651158932.285619, 72
1651158932.299856, 72
1651158932.313399, 72
1651158932.327476, 71
1651158932.342145, 71
1651158932.355795, 74
1651158932.369455, 72
1651158932.382881, 73
1651158932.397189, 71
1651158932.411286, 73
1651158932.425714, 72
1651158932.440225, 73
1651158932.457479, 72
1651158932.471688, 73
1651158932.484883, 73
1651158932.498447, 73
1651158932.511934, 73
1651158932.525127, 73
1651158932.538438, 72
1651158932.551940, 72
1651158932.565104, 72
1651158932.578320, 73
1651158932.591875, 72
1651158932.606638, 73
1651158932.620207, 73
1651158932.635258, 74
1651158932.653203, 72
1651158932.668012, 73
1651158932.681649, 74
1651158932.709993, 72
1651158932.726850, 73
1651158932.750454, 73
1651158932.768564, 73
1651158932.783381, 73
1651158932.798000, 75
1651158932.812600, 73
1651158932.828419, 74
1651158932.843088, 74
1651158932.858535, 73
1651158932.873204, 74
1651158932.887546, 73
1651158932.902696, 73
1651158932.918009, 73
1651158932.932802, 74
1651158932.947118, 73
1651158932.961158, 74
1651158932.975579, 75
1651158932.989828, 74
1651158933.004239, 73
1651158933.018174, 76
1651158933.033049, 75
1651158933.047986, 74
1651158933.063372, 74
1651158933.078882, 75
1651158933.093645, 74
1651158933.107998, 74
1651158933.123933, 73
1651158933.138194, 73
1651158933.151936, 74
1651158933.166439, 74
1651158933.180626, 72
1651158933.194827, 73
1651158933.208127, 73
1651158933.222477, 74
1651158933.236426, 74
1651158933.251481, 74
1651158933.266676, 74
1651158933.280345, 75
1651158933.295035, 75
1651158933.308615, 74
1651158933.322274, 73
1651158933.335534, 75
1651158933.349794, 76
1651158933.363750, 74
1651158933.377365, 75
1651158933.391051, 75
1651158933.405830, 76
1651158933.420164, 76
1651158933.433525, 75
1651158933.447375, 74
1651158933.461877, 75
1651158933.476710, 75
1651158933.492302, 73
1651158933.505726, 74
1651158933.519441, 75
1651158933.533914, 74
1651158933.547492, 75
1651158933.562160, 76
1651158933.576629, 75
1651158933.590176, 75
1651158933.605524, 76
1651158933.619568, 76
1651158933.634109, 75
1651158933.648211, 76
1651158933.663667, 77
1651158933.678400, 76
1651158933.692276, 76
1651158933.707675, 76
1651158933.722371, 76
1651158933.736613, 76
1651158933.750671, 76
1651158933.765326, 74
1651158933.779930, 75
1651158933.794429, 76
1651158933.807886, 76
1651158933.822074, 76
1651158933.835083, 75
1651158933.849367, 76
1651158933.865281, 76
1651158933.878714, 76
1651158933.893459, 77
1651158933.906999, 78
1651158933.921750, 77
1651158933.935144, 76
1651158933.948751, 76
1651158933.974107, 78
1651158933.989000, 78
1651158934.002780, 78
1651158934.016350, 78
1651158934.030185, 77
1651158934.043598, 76
1651158934.057108, 75
1651158934.072795, 76
1651158934.086766, 76
1651158934.101153, 76
1651158934.114965, 76
1651158934.128862, 76
1651158934.147457, 75
1651158934.161045, 76
1651158934.174743, 78
1651158934.189393, 79
1651158934.203294, 79
1651158934.217984, 78
1651158934.232145, 77
1651158934.245323, 77
1651158934.258761, 79
1651158934.274000, 79
1651158934.288260, 77
1651158934.301777, 79
1651158934.315834, 78
1651158934.330551, 77
1651158934.345122, 77
1651158934.359820, 77
1651158934.374458, 77
1651158934.387926, 77
1651158934.403295, 77
1651158934.417366, 76
1651158934.430633, 78
1651158934.445251, 76
1651158934.462198, 77
1651158934.475425, 77
1651158934.489695, 79
1651158934.503284, 79
1651158934.517692, 77
1651158934.533217, 79
1651158934.547659, 76
1651158934.562253, 78
1651158934.575975, 78
1651158934.593475, 78
1651158934.609083, 79
1651158934.623413, 78
1651158934.636705, 79
1651158934.650372, 79
1651158934.664419, 78
1651158934.678082, 77
1651158934.692537, 77
1651158934.707204, 76
1651158934.721405, 76
1651158934.735643, 77
1651158934.749520, 77
1651158934.763264, 77
1651158934.776254, 78
1651158934.789108, 78
1651158934.802914, 79
1651158934.816344, 80
1651158934.829621, 78
1651158934.843661, 79
1651158934.857299, 80
1651158934.870971, 80
1651158934.884558, 78
1651158934.898224, 79
1651158934.912814, 79
1651158934.926730, 79
1651158934.940125, 80
1651158934.953220, 79
1651158934.966644, 79
1651158934.980208, 78
1651158934.993907, 78
1651158935.007623, 79
1651158935.022126, 80
1651158935.038680, 80
1651158935.053289, 77
1651158935.068114, 78
1651158935.082678, 79
1651158935.096496, 80
1651158935.110163, 81
1651158935.123786, 79
1651158935.138318, 80
1651158935.152016, 81
1651158935.165430, 80
1651158935.178948, 79
1651158935.192295, 80
1651158935.206680, 81
1651158935.220378, 80
1651158935.233999, 81
1651158935.248647, 81
1651158935.262291, 81
1651158935.275971, 81
1651158935.290554, 79
1651158935.304701, 79
1651158935.319035, 79
1651158935.332563, 79
1651158935.346211, 79
1651158935.359950, 79
1651158935.373905, 79
1651158935.387649, 78
1651158935.401234, 81
1651158935.415014, 82
1651158935.428804, 80
1651158935.442876, 76
1651158935.457495, 80
1651158935.471849, 81
1651158935.486499, 81
1651158935.499617, 79
1651158935.512696, 82
1651158935.525708, 81
1651158935.539410, 80
1651158935.552974, 80
1651158935.567432, 81
1651158935.581686, 82
1651158935.594998, 80
1651158935.610155, 80
1651158935.624181, 80
1651158935.639027, 80
1651158935.651973, 80
1651158935.667725, 79
1651158935.681349, 81
1651158935.696099, 81
1651158935.711039, 79
1651158935.724737, 81
1651158935.747662, 83
1651158935.764999, 81
1651158935.779687, 82
1651158935.795880, 82
1651158935.809990, 81
1651158935.823654, 81
1651158935.838299, 79
1651158935.851989, 81
1651158935.866667, 81
1651158935.881276, 82
1651158935.894960, 82
1651158935.908437, 82
1651158935.923573, 82
1651158935.938391, 81
1651158935.953626, 80
1651158935.967875, 82
1651158935.984038, 80
1651158935.997850, 81
1651158936.011393, 80
1651158936.024700, 81
1651158936.038409, 83
1651158936.052022, 82
1651158936.066083, 83
1651158936.079784, 82
1651158936.093683, 82
1651158936.107483, 81
1651158936.121981, 82
1651158936.136635, 82
1651158936.150647, 81
1651158936.165474, 82
1651158936.180083, 81
1651158936.193704, 82
1651158936.207900, 82
1651158936.221220, 81
1651158936.237127, 81
1651158936.252459, 81
1651158936.271264, 81
1651158936.287050, 83
1651158936.301448, 81
1651158936.316186, 83
1651158936.331190, 81
1651158936.344299, 83
1651158936.359703, 82
1651158936.376697, 83
1651158936.391273, 83
1651158936.404902, 83
1651158936.420151, 84
1651158936.435918, 82
1651158936.451444, 82
1651158936.465685, 83
1651158936.479132, 83
1651158936.493458, 83
1651158936.507259, 84
1651158936.521832, 84
1651158936.536099, 83
1651158936.552610, 82
1651158936.567498, 82
1651158936.580881, 81
1651158936.598699, 82
1651158936.613342, 82
1651158936.628459, 81
1651158936.642146, 81
1651158936.657014, 82
1651158936.670281, 82
1651158936.687293, 83
1651158936.702849, 83
1651158936.717829, 83
1651158936.731051, 84
1651158936.744769, 83
1651158936.763343, 83
1651158936.778108, 83
1651158936.791346, 83
1651158936.804974, 84
1651158936.820532, 84
1651158936.835172, 84
1651158936.849877, 85
1651158936.864047, 84
1651158936.880151, 84
1651158936.894022, 83
1651158936.907183, 83
1651158936.921566, 83
1651158936.935191, 84
1651158936.949634, 83
1651158936.965050, 84
1651158936.978351, 84
1651158936.992239, 84
1651158937.006054, 84
1651158937.020334, 84
1651158937.033771, 84
1651158937.049383, 83
1651158937.064061, 84
1651158937.078468, 84
1651158937.092350, 85
1651158937.106671, 84
1651158937.131295, 85
1651158937.146153, 86
1651158937.161712, 84
1651158937.178903, 84
1651158937.194981, 85
1651158937.209463, 84
1651158937.224871, 83
1651158937.238867, 83
1651158937.254133, 84
1651158937.271063, 84
1651158937.284665, 83
1651158937.298154, 84
1651158937.311739, 84
1651158937.326963, 84
1651158937.341052, 84
1651158937.354767, 85
1651158937.369077, 84
1651158937.382721, 85
1651158937.398346, 85
1651158937.411921, 86
1651158937.426945, 85
1651158937.440975, 84
1651158937.456434, 84
1651158937.472663, 84
1651158937.486517, 84
1651158937.500183, 85
1651158937.514830, 84
1651158937.529136, 83
1651158937.542540, 84
1651158937.556412, 84
1651158937.570750, 85
1651158937.584546, 83
1651158937.601283, 86
1651158937.614669, 85
1651158937.628841, 84
1651158937.642650, 86
1651158937.655612, 86
1651158937.670947, 85
1651158937.685637, 86
1651158937.699277, 87
1651158937.713922, 86
1651158937.729772, 86
1651158937.744078, 86
1651158937.757444, 87
1651158937.771204, 86
1651158937.786052, 85
1651158937.799409, 85
1651158937.815553, 86
1651158937.829880, 86
1651158937.843786, 85
1651158937.858156, 85
1651158937.871905, 84
1651158937.886721, 85
1651158937.901393, 85
1651158937.914960, 84
1651158937.928182, 84
1651158937.942366, 85
1651158937.956400, 85
1651158937.970819, 85
1651158937.985759, 86
1651158938.000549, 86
1651158938.015741, 86
1651158938.030688, 86
1651158938.047087, 87
1651158938.062377, 87
1651158938.077397, 86
1651158938.091734, 87
1651158938.105369, 88
1651158938.119645, 87
1651158938.135573, 85
1651158938.149568, 87
1651158938.163313, 86
1651158938.177403, 87
1651158938.191285, 87
1651158938.204761, 87
1651158938.218688, 86
1651158938.232860, 86
1651158938.246540, 85
1651158938.260113, 87
1651158938.273778, 86
1651158938.287865, 86
1651158938.301824, 87
1651158938.316246, 88
1651158938.330172, 87
1651158938.343757, 88
1651158938.358326, 88
1651158938.372000, 86
1651158938.386755, 88
1651158938.400489, 88
1651158938.415043, 87
1651158938.428747, 88
1651158938.443018, 88
1651158938.456502, 87
1651158938.473654, 87
1651158938.487449, 87
1651158938.501479, 87
1651158938.516185, 88
1651158938.530244, 87
1651158938.543640, 87
1651158938.566853, 86
1651158938.583426, 86
1651158938.597623, 87
1651158938.611647, 87
1651158938.625980, 87
1651158938.640913, 86
1651158938.655643, 89
1651158938.670737, 89
1651158938.687275, 87
1651158938.700729, 87
1651158938.714339, 89
1651158938.731813, 88
1651158938.746737, 89
1651158938.761310, 89
1651158938.775788, 88
1651158938.790412, 88
1651158938.804653, 88
1651158938.817569, 88
1651158938.831180, 88
1651158938.844074, 89
1651158938.858047, 87
1651158938.871315, 88
1651158938.885371, 88
1651158938.899924, 88
1651158938.913732, 88
1651158938.929795, 88
1651158938.943690, 88
1651158938.958766, 87
1651158938.972710, 87
1651158938.986006, 88
1651158939.000569, 90
1651158939.016168, 88
1651158939.031491, 89
1651158939.046914, 89
1651158939.062509, 89
1651158939.076339, 89
1651158939.090004, 88
1651158939.104841, 89
1651158939.129920, 88
1651158939.147534, 89
1651158939.164255, 90
1651158939.178392, 89
1651158939.193031, 88
1651158939.207158, 89
1651158939.222324, 88
1651158939.236331, 87
1651158939.249510, 87
1651158939.263379, 89
1651158939.278962, 88
1651158939.293005, 88
1651158939.306707, 89
1651158939.321052, 87
1651158939.335470, 89
1651158939.349832, 89
1651158939.363494, 89
1651158939.376886, 90
1651158939.391659, 89
1651158939.404811, 89
1651158939.419486, 90
1651158939.433658, 91
1651158939.448752, 91
1651158939.462511, 90
1651158939.479508, 91
1651158939.492645, 90
1651158939.506989, 90
1651158939.520880, 90
1651158939.535472, 91
1651158939.550313, 90
1651158939.564206, 89
1651158939.578275, 89
1651158939.592874, 89
1651158939.606807, 89
1651158939.620612, 88
1651158939.635288, 89
1651158939.650376, 90
1651158939.664807, 91
1651158939.678952, 90
1651158939.693246, 90
1651158939.707384, 90
1651158939.722035, 90
1651158939.736751, 90
1651158939.750893, 90
1651158939.764583, 90
1651158939.778219, 90
1651158939.791880, 90
1651158939.807470, 92
1651158939.821052, 90
1651158939.834746, 91
1651158939.848982, 91
1651158939.863085, 90
1651158939.876670, 89
1651158939.890509, 90
1651158939.905044, 90
1651158939.919425, 90
1651158939.933408, 91
1651158939.947867, 90
1651158939.962580, 89
1651158939.976101, 90
1651158939.999396, 91
1651158940.013359, 91
1651158940.027721, 92
1651158940.041696, 91
1651158940.056321, 91
1651158940.070844, 91
1651158940.084036, 90
1651158940.098917, 91
1651158940.113465, 91
1651158940.127730, 92
1651158940.141354, 91
1651158940.155941, 91
1651158940.170147, 91
1651158940.183948, 92
1651158940.197893, 92
1651158940.211043, 91
1651158940.225388, 90
1651158940.239294, 90
1651158940.252881, 91
1651158940.266362, 89
1651158940.280271, 90
1651158940.294393, 90
1651158940.308007, 91
1651158940.321624, 89
1651158940.339158, 92
1651158940.352868, 92
1651158940.367663, 92
1651158940.381567, 92
1651158940.396534, 92
1651158940.411895, 92
1651158940.425011, 92
1651158940.438839, 92
1651158940.453491, 92
1651158940.469706, 91
1651158940.483571, 92
1651158940.498869, 92
1651158940.513342, 92
1651158940.527758, 92
1651158940.542522, 93
1651158940.557272, 91
1651158940.571933, 90
1651158940.586534, 90
1651158940.600383, 91
1651158940.613714, 91
1651158940.627423, 92
1651158940.641834, 91
1651158940.655741, 91
1651158940.670245, 92
1651158940.684073, 93
1651158940.698792, 92
1651158940.711705, 92
1651158940.725537, 92
1651158940.739643, 92
1651158940.753776, 92
1651158940.767440, 93
1651158940.781085, 94
1651158940.795749, 93
1651158940.810318, 93
1651158940.823361, 93
1651158940.836334, 93
1651158940.850625, 92
1651158940.864575, 93
1651158940.878212, 93
1651158940.892019, 92
1651158940.905590, 91
1651158940.919325, 92
1651158940.932944, 93
1651158940.947160, 92
1651158940.970578, 91
1651158940.984597, 92
1651158940.999245, 91
1651158941.012998, 93
1651158941.027709, 92
1651158941.043261, 94
1651158941.056954, 92
1651158941.070679, 94
1651158941.085363, 92
1651158941.099406, 93
1651158941.115636, 95
1651158941.129323, 94
1651158941.142782, 94
1651158941.158941, 93
1651158941.172488, 92
1651158941.187118, 94
1651158941.201987, 94
1651158941.216702, 94
1651158941.230050, 92
1651158941.244263, 94
1651158941.259050, 92
1651158941.274791, 91
1651158941.287738, 92
1651158941.300920, 94
1651158941.315006, 92
1651158941.330648, 93
1651158941.344210, 93
1651158941.357932, 92
1651158941.372233, 95
1651158941.386542, 94
1651158941.400956, 94
1651158941.415687, 95
1651158941.429352, 94
1651158941.443169, 95
1651158941.456609, 93
1651158941.470310, 94
1651158941.484309, 94
1651158941.497993, 94
1651158941.511691, 94
1651158941.525237, 95
1651158941.539302, 94
1651158941.552647, 95
1651158941.565630, 94
1651158941.579116, 96
1651158941.594088, 94
1651158941.607722, 93
1651158941.621399, 94
1651158941.635068, 95
1651158941.649846, 94
1651158941.663938, 94
1651158941.678171, 93
1651158941.691719, 94
1651158941.705431, 94
1651158941.720123, 95
1651158941.733898, 94
1651158941.747456, 95
1651158941.761091, 95
1651158941.774816, 95
1651158941.789157, 94
1651158941.803112, 94
1651158941.818173, 94
1651158941.831600, 96
1651158941.845037, 95
1651158941.858702, 95
1651158941.872274, 94
1651158941.885677, 96
1651158941.898860, 96
1651158941.912259, 95
1651158941.926339, 96
1651158941.939911, 94
1651158941.953518, 95
1651158941.967176, 94
1651158941.980800, 94
1651158941.994488, 94
1651158942.008011, 94
1651158942.022861, 94
1651158942.037474, 93
1651158942.051158, 94
1651158942.065808, 95
1651158942.080523, 96
1651158942.094003, 96
1651158942.107551, 95
1651158942.122100, 95
1651158942.135846, 95
1651158942.151319, 94
1651158942.167241, 96
1651158942.181192, 95
1651158942.194774, 94
1651158942.209502, 96
1651158942.223613, 95
1651158942.248024, 96
1651158942.263160, 95
1651158942.277742, 95
1651158942.292319, 95
1651158942.308502, 95
1651158942.323577, 95
1651158942.338736, 96
1651158942.354211, 96
1651158942.368158, 94
1651158942.383063, 96
1651158942.397168, 95
1651158942.410940, 95
1651158942.426708, 95
1651158942.441667, 96
1651158942.455687, 96
1651158942.469553, 97
1651158942.484594, 96
1651158942.498677, 97
1651158942.514398, 96
1651158942.527820, 96
1651158942.542032, 96
1651158942.556672, 96
1651158942.570713, 96
1651158942.584260, 97
1651158942.597485, 97
1651158942.612270, 96
1651158942.626924, 96
1651158942.641358, 96
1651158942.655661, 95
1651158942.670908, 95
1651158942.692135, 96
1651158942.708836, 96
1651158942.724236, 96
1651158942.738086, 94
1651158942.751399, 97
1651158942.766659, 96
1651158942.780036, 95
1651158942.794403, 97
1651158942.808153, 97
1651158942.822900, 98
1651158942.847410, 98
1651158942.862336, 98
1651158942.876901, 98
1651158942.891373, 98
1651158942.904993, 97
1651158942.918708, 98
1651158942.933404, 97
1651158942.947740, 98
1651158942.961463, 97
1651158942.975117, 97
1651158942.988903, 97
1651158943.003268, 97
1651158943.017671, 96
1651158943.033249, 96
1651158943.047621, 96
1651158943.062265, 96
1651158943.075779, 97
1651158943.089248, 97
1651158943.102653, 97
1651158943.115953, 96
1651158943.129335, 96
1651158943.143290, 98
1651158943.156934, 98
1651158943.170931, 97
1651158943.185492, 98
1651158943.199159, 98
1651158943.212873, 98
1651158943.227264, 97
1651158943.241045, 97
1651158943.254841, 97
1651158943.268333, 98
1651158943.282710, 98
1651158943.296323, 98
1651158943.311020, 98
1651158943.325243, 98
1651158943.338712, 99
1651158943.352394, 98
1651158943.366009, 97
1651158943.380832, 97
1651158943.394948, 98
1651158943.408307, 96
1651158943.422804, 97
1651158943.436669, 97
1651158943.450283, 98
1651158943.465874, 97
1651158943.479346, 97
1651158943.497931, 98
1651158943.512574, 98
1651158943.526459, 99
1651158943.540316, 98
1651158943.555163, 98
1651158943.569422, 98
1651158943.584423, 99
1651158943.598937, 99
1651158943.612771, 98
1651158943.627428, 98
1651158943.641137, 99
1651158943.655646, 99
1651158943.669363, 99
1651158943.682976, 100
1651158943.696402, 99
1651158943.715268, 98
1651158943.728641, 97
1651158943.742646, 97
1651158943.757119, 98
1651158943.770830, 96
1651158943.785396, 97
1651158943.799188, 98
1651158943.812784, 98
1651158943.827372, 99
1651158943.841124, 99
1651158943.855620, 99
1651158943.869343, 99
1651158943.884149, 98
1651158943.898252, 98
1651158943.912467, 98
1651158943.927067, 98
1651158943.941404, 98
1651158943.956041, 98
1651158943.971091, 99
1651158943.985610, 97
1651158943.999353, 98
1651158944.013526, 98
1651158944.039413, 96
1651158944.055240, 99
1651158944.071912, 98
1651158944.086131, 99
1651158944.101123, 98
1651158944.114750, 96
1651158944.128997, 97
1651158944.143948, 95
1651158944.157573, 97
1651158944.171514, 96
1651158944.186571, 96
1651158944.201183, 95
1651158944.215302, 95
1651158944.230488, 95
1651158944.243568, 94
1651158944.258076, 95
1651158944.271709, 95
1651158944.287165, 96
1651158944.302117, 95
1651158944.315788, 95
1651158944.329454, 93
1651158944.343147, 94
1651158944.358807, 95
1651158944.381203, 90
1651158944.395614, 85
1651158944.409124, 81
1651158944.424998, 75
1651158944.438908, 70
1651158944.452820, 64
1651158944.470682, 58
1651158944.484483, 52
1651158944.500025, 45
1651158944.513856, 44
1651158944.536683, 47
1651158944.552512, 47
1651158944.566170, 47
1651158944.579866, 47
1651158944.594636, 47
1651158944.608190, 47
1651158944.622800, 46
1651158944.637507, 47
1651158944.651284, 46
1651158944.665019, 47
1651158944.679342, 47
1651158944.694215, 46
1651158944.708005, 46
1651158944.721708, 47
1651158944.736308, 46
1651158944.749697, 47
1651158944.763625, 46
1651158944.777212, 48
1651158944.790697, 48
1651158944.804603, 48
1651158944.819030, 49
1651158944.832944, 47
1651158944.846693, 48
1651158944.861072, 48
1651158944.874914, 48
1651158944.888515, 47
1651158944.902130, 47
1651158944.915592, 47
1651158944.929403, 48
1651158944.943759, 48
1651158944.958497, 48
1651158944.972112, 48
1651158944.986177, 48
1651158944.999782, 49
1651158945.014534, 48
1651158945.028010, 48
1651158945.042690, 49
1651158945.056545, 49
1651158945.070795, 49
1651158945.084332, 49
1651158945.097618, 49
1651158945.111966, 48
1651158945.125982, 49
1651158945.140811, 49
1651158945.155358, 47
1651158945.168800, 49
1651158945.182865, 48
1651158945.196675, 49
1651158945.210707, 49
1651158945.225334, 48
1651158945.238908, 51
1651158945.253278, 50
1651158945.267216, 50
1651158945.280819, 50
1651158945.294528, 50
1651158945.308136, 49
1651158945.322624, 50
1651158945.336469, 48
1651158945.351171, 49
1651158945.364811, 48
1651158945.381101, 49
1651158945.396150, 49
1651158945.411536, 48
1651158945.424976, 48
1651158945.438477, 49
1651158945.452096, 50
1651158945.466757, 50
1651158945.480194, 51
1651158945.514198, 50
1651158945.527651, 51
1651158945.543369, 52
1651158945.556925, 50
1651158945.571954, 50
1651158945.588630, 52
1651158945.604242, 51
1651158945.617556, 48
1651158945.630659, 50
1651158945.643562, 51
1651158945.658509, 51
1651158945.673866, 50
1651158945.688076, 50
1651158945.701616, 51
1651158945.715342, 51
1651158945.729242, 52
1651158945.744197, 52
1651158945.757921, 50
1651158945.772556, 52
1651158945.786582, 53
1651158945.800989, 51
1651158945.814754, 51
1651158945.828157, 53
1651158945.841603, 52
1651158945.856224, 51
1651158945.869890, 51
1651158945.884926, 51
1651158945.899190, 51
1651158945.913249, 52
1651158945.926728, 50
1651158945.940506, 51
1651158945.954085, 51
1651158945.967661, 53
1651158945.981472, 53
1651158945.996051, 52
1651158946.011077, 53
1651158946.025070, 53
1651158946.038674, 53
1651158946.052379, 52
1651158946.065938, 53
1651158946.079720, 52
1651158946.093421, 52
1651158946.106638, 52
1651158946.119678, 52
1651158946.134146, 52
1651158946.158721, 52
1651158946.174214, 52
1651158946.188005, 53
1651158946.202279, 52
1651158946.215592, 54
1651158946.229235, 52
1651158946.242716, 54
1651158946.257055, 54
1651158946.282737, 53
1651158946.298328, 54
1651158946.312904, 54
1651158946.327587, 53
1651158946.342172, 54
1651158946.356508, 52
1651158946.372018, 53
1651158946.385849, 52
1651158946.400070, 52
1651158946.413653, 53
1651158946.427172, 51
1651158946.440933, 53
1651158946.455977, 52
1651158946.469295, 54
1651158946.484095, 55
1651158946.497984, 54
1651158946.512038, 53
1651158946.527989, 55
1651158946.541860, 54
1651158946.555710, 53
1651158946.570279, 54
1651158946.584962, 54
1651158946.599288, 52
1651158946.613255, 54
1651158946.627092, 54
1651158946.640500, 54
1651158946.657019, 56
1651158946.670709, 54
1651158946.683974, 54
1651158946.697959, 54
1651158946.711238, 55
1651158946.724958, 56
1651158946.739106, 55
1651158946.752543, 56
1651158946.766184, 55
1651158946.779907, 55
1651158946.793597, 55
1651158946.808152, 55
1651158946.822842, 55
1651158946.836498, 55
1651158946.849880, 54
1651158946.863885, 54
1651158946.877974, 55
1651158946.891278, 55
1651158946.904823, 55
1651158946.919470, 54
1651158946.934002, 55
1651158946.948386, 55
1651158946.963362, 56
1651158946.977932, 56
1651158946.991331, 56
1651158947.005434, 57
1651158947.020373, 56
1651158947.035033, 56
1651158947.049225, 56
1651158947.063400, 56
1651158947.078774, 54
1651158947.093367, 57
1651158947.106749, 55
1651158947.119967, 55
1651158947.134059, 55
1651158947.149055, 55
1651158947.163713, 54
1651158947.177142, 54
1651158947.193221, 57
1651158947.215734, 56
1651158947.232256, 57
1651158947.246067, 56
1651158947.260677, 57
1651158947.275256, 55
1651158947.289708, 57
1651158947.303402, 56
1651158947.316838, 57
1651158947.330871, 57
1651158947.344479, 56
1651158947.358911, 58
1651158947.374623, 56
1651158947.390492, 57
1651158947.405298, 55
1651158947.420641, 56
1651158947.433823, 57
1651158947.447981, 57
1651158947.461236, 56
1651158947.475463, 56
1651158947.489090, 57
1651158947.502869, 59
1651158947.516475, 58
1651158947.530230, 58
1651158947.544289, 58
1651158947.557936, 58
1651158947.574198, 58
1651158947.589884, 58
1651158947.603807, 59
1651158947.617528, 59
1651158947.631255, 57
1651158947.645874, 58
1651158947.660477, 56
1651158947.674411, 57
1651158947.687719, 57
1651158947.701805, 58
1651158947.715809, 58
1651158947.729609, 57
1651158947.744158, 57
1651158947.757724, 59
1651158947.771479, 59
1651158947.786070, 58
1651158947.799729, 59
1651158947.814324, 59
1651158947.827980, 58
1651158947.841830, 60
1651158947.857354, 59
1651158947.871949, 59
1651158947.886742, 58
1651158947.901359, 57
1651158947.917274, 57
1651158947.930938, 58
1651158947.945430, 58
1651158947.968002, 58
1651158947.982497, 58
1651158947.995845, 58
1651158948.011216, 59
1651158948.026096, 60
1651158948.039663, 58
1651158948.053643, 59
1651158948.067173, 60
1651158948.081783, 59
1651158948.095259, 59
1651158948.108918, 60
1651158948.124033, 60
1651158948.137793, 59
1651158948.151308, 61
1651158948.164970, 60
1651158948.178607, 60
1651158948.193984, 60
1651158948.207901, 60
1651158948.222642, 61
1651158948.236156, 60
1651158948.250794, 60
1651158948.265435, 59
1651158948.278573, 61
1651158948.292368, 61
1651158948.308412, 59
1651158948.322659, 60
1651158948.337122, 60
1651158948.351700, 60
1651158948.366435, 59
1651158948.379780, 60
1651158948.393738, 60
1651158948.407505, 60
1651158948.421985, 60
1651158948.436316, 60
1651158948.450676, 61
1651158948.467236, 60
1651158948.483368, 61
1651158948.497016, 61
1651158948.511434, 60
1651158948.525051, 60
1651158948.538761, 61
1651158948.553598, 61
1651158948.567604, 61
1651158948.581954, 61
1651158948.595665, 61
1651158948.609132, 61
1651158948.622769, 61
1651158948.636446, 60
1651158948.651052, 62
1651158948.665343, 61
1651158948.679221, 59
1651158948.693667, 60
1651158948.707605, 59
1651158948.721249, 61
1651158948.734955, 61
1651158948.755594, 60
1651158948.770319, 61
1651158948.785071, 61
1651158948.801634, 60
1651158948.818044, 62
1651158948.831901, 63
1651158948.846712, 62
1651158948.860300, 62
1651158948.873766, 62
1651158948.888401, 61
1651158948.902202, 60
1651158948.915846, 61
1651158948.930477, 62
1651158948.943957, 61
1651158948.957705, 62
1651158948.971970, 60
1651158948.987271, 61
1651158949.001882, 61
1651158949.024371, 61
1651158949.040802, 62
1651158949.054596, 62
1651158949.068636, 62
1651158949.082717, 61
1651158949.096481, 64
1651158949.110261, 63
1651158949.123725, 63
1651158949.137286, 63
1651158949.151119, 63
1651158949.164271, 63
1651158949.178307, 63
1651158949.191750, 62
1651158949.205195, 63
1651158949.219004, 62
1651158949.232845, 61
1651158949.247832, 61
1651158949.261364, 63
1651158949.275711, 62
1651158949.289251, 62
1651158949.303017, 62
1651158949.316116, 63
1651158949.329249, 61
1651158949.342476, 63
1651158949.356986, 63
1651158949.370799, 63
1651158949.384003, 62
1651158949.397450, 63
1651158949.410837, 63
1651158949.425414, 64
1651158949.439416, 65
1651158949.453155, 64
1651158949.467411, 64
1651158949.481325, 65
1651158949.495305, 63
1651158949.509712, 63
1651158949.523326, 63
1651158949.537780, 63
1651158949.550811, 64
1651158949.563727, 63
1651158949.576818, 63
1651158949.590011, 64
1651158949.603764, 65
1651158949.617897, 64
1651158949.631548, 64
1651158949.645527, 65
1651158949.659479, 64
1651158949.672748, 64
1651158949.686581, 64
1651158949.700401, 64
1651158949.714112, 65
1651158949.728468, 64
1651158949.742394, 64
1651158949.756782, 63
1651158949.770079, 64
1651158949.783736, 64
1651158949.798235, 64
1651158949.811955, 65
1651158949.825641, 64
1651158949.839326, 65
1651158949.853337, 63
1651158949.868066, 64
1651158949.882648, 66
1651158949.896311, 64
1651158949.909679, 65
1651158949.923545, 65
1651158949.937350, 65
1651158949.950838, 66
1651158949.965007, 66
1651158949.978822, 65
1651158949.992422, 66
1651158950.005781, 66
1651158950.021160, 66
1651158950.034946, 65
1651158950.048699, 64
1651158950.063151, 64
1651158950.077244, 65
1651158950.090959, 64
1651158950.104497, 64
1651158950.120333, 66
1651158950.134845, 63
1651158950.148549, 67
1651158950.162717, 67
1651158950.176862, 66
1651158950.191053, 66
1651158950.204702, 67
1651158950.218078, 66
1651158950.231639, 66
1651158950.245193, 66
1651158950.259491, 66
1651158950.273397, 66
1651158950.286766, 66
1651158950.300654, 67
1651158950.314526, 66
1651158950.328286, 67
1651158950.341793, 66
1651158950.355340, 66
1651158950.369249, 65
1651158950.383921, 65
1651158950.398048, 65
1651158950.411498, 65
1651158950.426201, 67
1651158950.441084, 67
1651158950.455688, 67
1651158950.469983, 67
1651158950.483852, 67
1651158950.498493, 66
1651158950.511974, 68
1651158950.525955, 68
1651158950.540124, 67
1651158950.553663, 67
1651158950.571775, 66
1651158950.585361, 65
1651158950.600177, 67
1651158950.615392, 66
1651158950.629769, 66
1651158950.645694, 67
1651158950.659370, 66
1651158950.674067, 67
1651158950.689049, 67
1651158950.703223, 68
1651158950.716779, 68
1651158950.731202, 68
1651158950.745308, 67
1651158950.759933, 66
1651158950.773581, 67
1651158950.788311, 68
1651158950.802154, 68
1651158950.816772, 68
1651158950.831485, 68
1651158950.846348, 67
1651158950.859879, 67
1651158950.874105, 68
1651158950.888351, 68
1651158950.901535, 67
1651158950.915803, 67
1651158950.929772, 67
1651158950.943174, 68
1651158950.957349, 67
1651158950.971918, 66
1651158950.985393, 68
1651158950.998434, 68
1651158951.012265, 69
1651158951.026463, 68
1651158951.040099, 68
1651158951.054091, 69
1651158951.068183, 68
1651158951.081691, 68
1651158951.095571, 70
1651158951.111010, 69
1651158951.124356, 69
1651158951.138355, 69
1651158951.152664, 67
1651158951.166284, 67
1651158951.180940, 68
1651158951.194597, 69
1651158951.207960, 68
1651158951.221862, 68
1651158951.235570, 67
1651158951.249203, 68
1651158951.262928, 68
1651158951.276544, 69
1651158951.290194, 68
1651158951.304973, 69
1651158951.318640, 69
1651158951.332328, 69
1651158951.346067, 68
1651158951.360838, 69
1651158951.374651, 70
1651158951.389018, 69
1651158951.402069, 69
1651158951.415246, 70
1651158951.428597, 70
1651158951.443141, 68
1651158951.456331, 68
1651158951.470722, 68
1651158951.484979, 67
1651158951.499655, 68
1651158951.513317, 69
1651158951.527186, 70
1651158951.541861, 69
1651158951.556406, 70
1651158951.569997, 70
1651158951.583702, 70
1651158951.596944, 70
1651158951.609995, 69
1651158951.623177, 69
1651158951.636387, 70
1651158951.651294, 70
1651158951.664958, 70
1651158951.678631, 69
1651158951.692141, 70
1651158951.707157, 70
1651158951.721299, 70
1651158951.735422, 69
1651158951.751068, 69
1651158951.764846, 69
1651158951.779297, 69
1651158951.793960, 69
1651158951.807602, 70
1651158951.822770, 69
1651158951.835922, 68
1651158951.850779, 71
1651158951.863835, 71
1651158951.878267, 70
1651158951.891547, 70
1651158951.904583, 71
1651158951.919007, 71
1651158951.935508, 71
1651158951.950123, 71
1651158951.963860, 71
1651158951.977471, 72
1651158951.991138, 71
1651158952.004694, 71
1651158952.019465, 71
1651158952.034053, 69
1651158952.047932, 70
1651158952.062415, 70
1651158952.076333, 69
1651158952.089983, 71
1651158952.103016, 70
1651158952.116353, 69
1651158952.130721, 70
1651158952.150945, 71
1651158952.167651, 71
1651158952.181216, 71
1651158952.195832, 72
1651158952.209194, 71
1651158952.222233, 71
1651158952.235667, 72
1651158952.249216, 71
1651158952.262662, 70
1651158952.276058, 71
1651158952.290873, 72
1651158952.304809, 71
1651158952.318275, 72
1651158952.332213, 71
1651158952.346846, 71
1651158952.360230, 70
1651158952.375088, 71
1651158952.389807, 71
1651158952.403295, 72
1651158952.417776, 71
1651158952.432146, 70
1651158952.447747, 72
1651158952.462481, 71
1651158952.478336, 72
1651158952.492823, 73
1651158952.506274, 72
1651158952.520991, 73
1651158952.536521, 72
1651158952.552560, 72
1651158952.571617, 74
1651158952.587252, 72
1651158952.600760, 72
1651158952.614423, 72
1651158952.630696, 72
1651158952.644791, 70
1651158952.658228, 71
1651158952.672101, 73
1651158952.688829, 72
1651158952.702500, 72
1651158952.719224, 73
1651158952.735196, 73
1651158952.749853, 74
1651158952.763429, 72
1651158952.777882, 72
1651158952.791945, 73
1651158952.806118, 72
1651158952.820447, 73
1651158952.837139, 73
1651158952.851049, 72
1651158952.865478, 73
1651158952.879347, 73
1651158952.892620, 73
1651158952.906703, 75
1651158952.921076, 73
1651158952.935171, 72
1651158952.949858, 73
1651158952.964179, 74
1651158952.978750, 73
1651158952.994245, 73
1651158953.009237, 71
1651158953.022621, 73
1651158953.035705, 72
1651158953.050045, 74
1651158953.063600, 72
1651158953.077210, 73
1651158953.090906, 74
1651158953.104524, 74
1651158953.118247, 75
1651158953.132269, 74
1651158953.153760, 73
1651158953.168304, 75
1651158953.182025, 74
1651158953.196503, 74
1651158953.210325, 74
1651158953.223971, 73
1651158953.237675, 74
1651158953.251568, 73
1651158953.266008, 74
1651158953.279380, 74
1651158953.292378, 74
1651158953.310088, 74
1651158953.325097, 73
1651158953.337932, 74
1651158953.351605, 76
1651158953.365565, 75
1651158953.379240, 74
1651158953.402764, 76
1651158953.418133, 74
1651158953.432467, 74
1651158953.447242, 75
1651158953.463111, 75
1651158953.477668, 75
1651158953.492382, 75
1651158953.507120, 75
1651158953.521136, 74
1651158953.535069, 74
1651158953.549355, 75
1651158953.564048, 74
1651158953.578645, 74
1651158953.592164, 73
1651158953.607413, 74
1651158953.621120, 74
1651158953.635762, 76
1651158953.650008, 75
1651158953.663609, 76
1651158953.677307, 76
1651158953.690948, 76
1651158953.705555, 76
1651158953.718729, 76
1651158953.731948, 76
1651158953.745614, 77
1651158953.759300, 76
1651158953.772914, 75
1651158953.785873, 77
1651158953.799600, 77
1651158953.813217, 76
1651158953.826645, 74
1651158953.839549, 76
1651158953.852713, 75
1651158953.866532, 75
1651158953.879455, 75
1651158953.893386, 76
1651158953.906816, 74
1651158953.920687, 75
1651158953.936355, 76
1651158953.950576, 77
1651158953.964248, 77
1651158953.977938, 76
1651158953.991517, 77
1651158954.005207, 77
1651158954.018946, 76
1651158954.032527, 77
1651158954.045329, 76
1651158954.058877, 78
1651158954.072534, 78
1651158954.086177, 77
1651158954.099880, 76
1651158954.112653, 76
1651158954.126466, 76
1651158954.139467, 76
1651158954.152785, 75
1651158954.165945, 76
1651158954.179253, 77
1651158954.192444, 76
1651158954.206820, 76
1651158954.223226, 75
1651158954.236953, 77
1651158954.251369, 76
1651158954.267280, 78
1651158954.281676, 77
1651158954.297939, 78
1651158954.311609, 76
1651158954.325198, 77
1651158954.338858, 77
1651158954.352535, 77
1651158954.366895, 76
1651158954.381312, 77
1651158954.395048, 77
1651158954.408722, 78
1651158954.423449, 76
1651158954.437594, 76
1651158954.452204, 78
1651158954.465912, 77
1651158954.480655, 76
1651158954.496169, 77
1651158954.510767, 78
1651158954.523912, 76
1651158954.542282, 78
1651158954.556255, 79
1651158954.569783, 78
1651158954.584675, 78
1651158954.601143, 76
1651158954.614807, 77
1651158954.629497, 78
1651158954.646335, 78
1651158954.659776, 79
1651158954.673384, 79
1651158954.687515, 78
1651158954.701512, 78
1651158954.716019, 78
1651158954.731557, 77
1651158954.745347, 76
1651158954.758937, 78
1651158954.773994, 78
1651158954.788945, 77
1651158954.803170, 77
1651158954.817026, 77
1651158954.833055, 77
1651158954.846829, 77
1651158954.860824, 80
1651158954.874619, 78
1651158954.889133, 79
1651158954.902804, 79
1651158954.916441, 79
1651158954.930181, 79
1651158954.944805, 78
1651158954.958452, 78
1651158954.972105, 79
1651158954.985751, 78
1651158954.999404, 78
1651158955.014443, 79
1651158955.029954, 80
1651158955.043882, 77
1651158955.057506, 78
1651158955.071273, 78
1651158955.096238, 77
1651158955.111153, 78
1651158955.125700, 79
1651158955.139558, 79
1651158955.153414, 77
1651158955.166347, 80
1651158955.180052, 80
1651158955.193495, 78
1651158955.207245, 79
1651158955.221389, 79
1651158955.235179, 79
1651158955.249110, 79
1651158955.263121, 79
1651158955.276807, 79
1651158955.290411, 80
1651158955.305113, 80
1651158955.318881, 79
1651158955.332414, 79
1651158955.345980, 80
1651158955.359691, 79
1651158955.374448, 80
1651158955.389072, 78
1651158955.403641, 78
1651158955.419047, 79
1651158955.434969, 80
1651158955.449530, 78
1651158955.462881, 78
1651158955.476673, 79
1651158955.490274, 80
1651158955.503449, 81
1651158955.516907, 80
1651158955.531593, 81
1651158955.547320, 79
1651158955.560824, 80
1651158955.576511, 79
1651158955.591330, 79
1651158955.604826, 80
1651158955.619482, 81
1651158955.634840, 80
1651158955.648441, 80
1651158955.663087, 81
1651158955.676699, 80
1651158955.691406, 81
1651158955.705248, 81
1651158955.719098, 80
1651158955.733179, 79
1651158955.746789, 81
1651158955.760016, 80
1651158955.774490, 80
1651158955.788016, 79
1651158955.801915, 81
1651158955.816528, 81
1651158955.831171, 80
1651158955.844823, 79
1651158955.858594, 81
1651158955.872083, 79
1651158955.886160, 80
1651158955.899814, 82
1651158955.913579, 81
1651158955.927216, 80
1651158955.941558, 81
1651158955.954909, 81
1651158955.968702, 81
1651158955.983929, 80
1651158955.997781, 79
1651158956.012525, 80
1651158956.026150, 79
1651158956.040037, 80
1651158956.053481, 81
1651158956.067321, 81
1651158956.081919, 80
1651158956.096189, 80
1651158956.110118, 82
1651158956.124840, 83
1651158956.139492, 82
1651158956.155107, 82
1651158956.169874, 82
1651158956.183105, 81
1651158956.196687, 82
1651158956.210395, 81
1651158956.224434, 82
1651158956.238969, 81
1651158956.253713, 82
1651158956.266781, 82
1651158956.280959, 82
1651158956.295663, 83
1651158956.310064, 81
1651158956.324843, 80
1651158956.339441, 81
1651158956.353038, 81
1651158956.366652, 80
1651158956.381024, 80
1651158956.397077, 81
1651158956.410774, 84
1651158956.424764, 84
1651158956.439490, 83
1651158956.454566, 82
1651158956.469750, 83
1651158956.486341, 82
1651158956.500672, 83
1651158956.514820, 82
1651158956.528654, 82
1651158956.542388, 83
1651158956.557318, 81
1651158956.570904, 84
1651158956.584969, 82
1651158956.598439, 83
1651158956.613265, 82
1651158956.627747, 79
1651158956.641864, 82
1651158956.656866, 80
1651158956.670021, 83
1651158956.685530, 83
1651158956.700071, 81
1651158956.714784, 81
1651158956.730568, 81
1651158956.743473, 82
1651158956.757855, 83
1651158956.780964, 83
1651158956.796989, 84
1651158956.812730, 84
1651158956.827361, 83
1651158956.842149, 83
1651158956.856997, 84
1651158956.871402, 83
1651158956.888192, 83
1651158956.902776, 83
1651158956.918317, 83
1651158956.941765, 82
1651158956.955435, 83
1651158956.968970, 82
1651158956.982832, 84
1651158956.996218, 84
1651158957.011599, 82
1651158957