500 1.000000 1460.000000
1000 1.000000 1460.000000
1500 1.000000 1460.000000
2000 1.000000 1460.000000
2500 1.000000 1460.000000
3000 1.000000 1460.000000
3500 1.000000 1460.000000
4000 1.000000 1460.000000
4500 1.000000 1460.000000
5000 1.000000 1460.000000
5500 1.000000 1460.000000
6000 1.000000 1460.000000
6500 1.000000 1460.000000
7000 1.000000 1460.000000
7500 1.000000 1460.000000
8000 1.000000 1460.000000
8500 1.000000 1460.000000
9000 1.000000 1460.000000
9500 1.000000 1460.000000
10000 1.000000 1460.000000
10500 1.000000 1460.000000
11000 1.000000 1460.000000
11500 1.000000 1460.000000
12000 1.000000 1460.000000
12500 1.000000 1460.000000
13000 1.000000 1460.000000
13500 1.000000 1460.000000
14000 1.000000 1460.000000
14500 1.000000 1460.000000
15000 1.000000 1460.000000
15500 1.000000 1460.000000
16000 1.000000 1460.000000
16500 1.000000 1460.000000
17000 1.000000 1460.000000
17500 1.000000 1460.000000
18000 1.000000 1460.000000
18500 1.000000 1460.000000
19000 1.000000 1460.000000
19500 1.000000 1460.000000
20000 1.000000 1460.000000
20500 1.000000 1460.000000
21000 1.000000 1460.000000
21500 1.000000 1460.000000
22000 1.000000 1460.000000
22500 1.000000 1460.000000
23000 1.000000 1460.000000
23500 1.000000 1460.000000
24000 1.000000 1460.000000
24500 1.000000 1460.000000
25000 1.000000 1460.000000
25500 1.000000 1460.000000
26000 1.000000 1460.000000
26500 1.000000 1460.000000
27000 1.000000 1460.000000
27500 1.000000 1460.000000
28000 1.000000 1460.000000
28500 1.000000 1460.000000
29000 1.000000 1460.000000
29500 1.000000 1460.000000
30000 1.000000 1460.000000
30500 1.000000 1460.000000
31000 1.000000 1460.000000
31500 1.000000 1460.000000
32000 1.000000 1460.000000
32500 1.000000 1460.000000
33000 1.000000 1460.000000
33500 1.000000 1460.000000
34000 1.000000 1460.000000
34500 1.000000 1460.000000
35000 1.000000 1460.000000
35500 1.000000 1460.000000
36000 1.000000 1460.000000
36500 1.000000 1460.000000
37000 1.000000 1460.000000
37500 1.000000 1460.000000
38000 1.000000 1460.000000
38500 1.000000 1460.000000
39000 1.000000 1460.000000
39500 1.000000 1460.000000
40000 1.000000 1460.000000
40500 1.000000 1460.000000
41000 1.000000 1460.000000
41500 1.000000 1460.000000
42000 1.000000 1460.000000
42500 1.000000 1460.000000
43000 1.000000 1460.000000
43500 1.000000 1460.000000
44000 1.000000 1460.000000
44500 1.000000 1460.000000
45000 1.000000 1460.000000
45500 1.000000 1460.000000
46000 1.000000 1460.000000
46500 1.000000 1460.000000
47000 1.000000 1460.000000
47500 1.000000 1460.000000
48000 1.000000 1460.000000
48500 1.000000 1460.000000
49000 1.000000 1460.000000
49500 1.000000 1460.000000
50000 1.000000 1460.000000
50500 1.000000 1460.000000
51000 1.000000 1460.000000
51500 1.000000 1460.000000
52000 1.000000 1460.000000
52500 1.000000 1460.000000
53000 1.000000 1460.000000
53500 1.000000 1460.000000
54000 1.000000 1460.000000
54500 1.000000 1460.000000
55000 1.000000 1460.000000
55500 1.000000 1460.000000
56000 1.000000 1460.000000
56500 1.000000 1460.000000
57000 1.000000 1460.000000
57500 1.000000 1460.000000
58000 1.000000 1460.000000
58500 1.000000 1460.000000
59000 1.000000 1460.000000
59500 1.000000 1460.000000
60000 1.000000 1460.000000
60500 1.000000 1460.000000
61000 1.000000 1460.000000
61500 1.000000 1460.000000
62000 1.000000 1460.000000
62500 1.000000 1460.000000
63000 1.000000 1460.000000
63500 1.000000 1460.000000
64000 1.000000 1460.000000
64500 1.000000 1460.000000
65000 1.000000 1460.000000
65500 1.000000 1460.000000
66000 1.000000 1460.000000
66500 1.000000 1460.000000
67000 1.000000 1460.000000
67500 1.000000 1460.000000
68000 1.000000 1460.000000
68500 1.000000 1460.000000
69000 1.000000 1460.000000
69500 1.000000 1460.000000
70000 1.000000 1460.000000
70500 1.000000 1460.000000
71000 1.000000 1460.000000
71500 1.000000 1460.000000
72000 1.000000 1460.000000
72500 1.000000 1460.000000
73000 1.000000 1460.000000
73500 1.000000 1460.000000
74000 1.000000 1460.000000
74500 1.000000 1460.000000
75000 1.000000 1460.000000
75500 1.000000 1460.000000
76000 1.000000 1460.000000
76500 1.000000 1460.000000
77000 1.000000 1460.000000
77500 1.000000 1460.000000
78000 1.000000 1460.000000
78500 1.000000 1460.000000
79000 1.000000 1460.000000
79500 1.000000 1460.000000
80000 1.000000 1460.000000
80500 1.000000 1460.000000
81000 1.000000 1460.000000
81500 1.000000 1460.000000
82000 1.000000 1460.000000
82500 1.000000 1460.000000
83000 1.000000 1460.000000
83500 1.000000 1460.000000
84000 1.000000 1460.000000
84500 1.000000 1460.000000
85000 1.000000 1460.000000
85500 1.000000 1460.000000
86000 1.000000 1460.000000
86500 1.000000 1460.000000
87000 1.000000 1460.000000
87500 1.000000 1460.000000
88000 1.000000 1460.000000
88500 1.000000 1460.000000
89000 1.000000 1460.000000
89500 1.000000 1460.000000
90000 1.000000 1460.000000
90500 1.000000 1460.000000
91000 1.000000 1460.000000
91500 1.000000 1460.000000
92000 1.000000 1460.000000
92500 1.000000 1460.000000
93000 1.000000 1460.000000
93500 1.000000 1460.000000
94000 1.000000 1460.000000
94500 1.000000 1460.000000
95000 1.000000 1460.000000
95500 1.000000 1460.000000
96000 1.000000 1460.000000
96500 1.000000 1460.000000
97000 1.000000 1460.000000
97500 1.000000 1460.000000
98000 1.000000 1460.000000
98500 1.000000 1460.000000
99000 1.000000 1460.000000
99500 1.000000 1460.000000
100000 1.000000 1460.000000
100500 1.000000 1460.000000
101000 1.000000 1460.000000
101500 1.000000 1460.000000
102000 1.000000 1460.000000
102500 1.000000 1460.000000
103000 1.000000 1460.000000
103500 1.000000 1460.000000
104000 1.000000 1460.000000
104500 1.000000 1460.000000
105000 1.000000 1460.000000
105500 1.000000 1460.000000
106000 1.000000 1460.000000
106500 1.000000 1460.000000
107000 1.000000 1460.000000
107500 1.000000 1460.000000
108000 1.000000 1460.000000
108500 1.000000 1460.000000
109000 1.000000 1460.000000
109500 1.000000 1460.000000
110000 1.000000 1460.000000
110500 1.000000 1460.000000
111000 1.000000 1460.000000
111500 1.000000 1460.000000
112000 1.000000 1460.000000
112500 1.000000 1460.000000
113000 1.000000 1460.000000
113500 1.000000 1460.000000
114000 1.000000 1460.000000
114500 1.000000 1460.000000
115000 1.000000 1460.000000
115500 1.000000 1460.000000
116000 1.000000 1460.000000
116500 1.000000 1460.000000
117000 1.000000 1460.000000
117500 1.000000 1460.000000
118000 1.000000 1460.000000
118500 1.000000 1460.000000
119000 1.000000 1460.000000
119500 1.000000 1460.000000
120000 1.000000 1460.000000
120500 1.000000 1460.000000
121000 1.000000 1460.000000
121500 1.000000 1460.000000
122000 1.000000 1460.000000
122500 1.000000 1460.000000
123000 1.000000 1460.000000
123500 1.000000 1460.000000
124000 1.000000 1460.000000
124500 1.000000 1460.000000
125000 1.000000 1460.000000
125500 1.000000 1460.000000
126000 1.000000 1460.000000
126500 1.000000 1460.000000
127000 1.000000 1460.000000
127500 1.000000 1460.000000
128000 1.000000 1460.000000
128500 1.000000 1460.000000
129000 1.000000 1460.000000
129500 1.000000 1460.000000
130000 1.000000 1460.000000
130500 1.000000 1460.000000
131000 1.000000 1460.000000
131500 1.000000 1460.000000
132000 1.000000 1460.000000
132500 1.000000 1460.000000
133000 1.000000 1460.000000
133500 1.000000 1460.000000
134000 1.000000 1460.000000
134500 1.000000 1460.000000
135000 1.000000 1460.000000
135500 1.000000 1460.000000
136000 1.000000 1460.000000
136500 1.000000 1460.000000
137000 1.000000 1460.000000
137500 1.000000 1460.000000
138000 1.000000 1460.000000
138500 1.000000 1460.000000
139000 1.000000 1460.000000
139500 1.000000 1460.000000
140000 1.000000 1460.000000
140500 1.000000 1460.000000
141000 1.000000 1460.000000
141500 1.000000 1460.000000
142000 1.000000 1460.000000
142500 1.000000 1460.000000
143000 1.000000 1460.000000
143500 1.000000 1460.000000
144000 1.000000 1460.000000
144500 1.000000 1460.000000
145000 1.000000 1460.000000
145500 1.000000 1460.000000
146000 1.000000 1460.000000
146500 1.000000 1460.000000
147000 1.000000 1460.000000
147500 1.000000 1460.000000
148000 1.000000 1460.000000
148500 1.000000 1460.000000
149000 1.000000 1460.000000
149500 1.000000 1460.000000
150000 1.000000 1460.000000
150500 1.000000 1460.000000
151000 1.000000 1460.000000
151500 1.000000 1460.000000
152000 1.000000 1460.000000
152500 1.000000 1460.000000
153000 1.000000 1460.000000
153500 1.000000 1460.000000
154000 1.000000 1460.000000
154500 1.000000 1460.000000
155000 1.000000 1460.000000
155500 1.000000 1460.000000
156000 1.000000 1460.000000
156500 1.000000 1460.000000
157000 1.000000 1460.000000
157500 1.000000 1460.000000
158000 1.000000 1460.000000
158500 1.000000 1460.000000
159000 1.000000 1460.000000
159500 1.000000 1460.000000
160000 1.000000 1460.000000
160500 1.000000 1460.000000
161000 1.000000 1460.000000
161500 1.000000 1460.000000
162000 1.000000 1460.000000
162500 1.000000 1460.000000
163000 1.000000 1460.000000
163500 1.000000 1460.000000
164000 1.000000 1460.000000
164500 1.000000 1460.000000
165000 1.000000 1460.000000
165500 1.000000 1460.000000
166000 1.000000 1460.000000
166500 1.000000 1460.000000
167000 1.000000 1460.000000
167500 1.000000 1460.000000
168000 1.000000 1460.000000
168500 1.000000 1460.000000
169000 1.000000 1460.000000
169500 1.000000 1460.000000
170000 1.000000 1460.000000
170500 1.000000 1460.000000
171000 1.000000 1460.000000
171500 1.000000 1460.000000
172000 1.000000 1460.000000
172500 1.000000 1460.000000
173000 1.000000 1460.000000
173500 1.000000 1460.000000
174000 1.000000 1460.000000
174500 1.000000 1460.000000
175000 1.000000 1460.000000
175500 1.000000 1460.000000
176000 1.000000 1460.000000
176500 1.000000 1460.000000
177000 1.000000 1460.000000
177500 1.000000 1460.000000
178000 1.000000 1460.000000
178500 1.000000 1460.000000
179000 1.000000 1460.000000
179500 1.000000 1460.000000
180000 1.000000 1460.000000
180500 1.000000 1460.000000
181000 1.000000 1460.000000
181500 1.000000 1460.000000
182000 1.000000 1460.000000
182500 1.000000 1460.000000
183000 1.000000 1460.000000
183500 1.000000 1460.000000
184000 1.000000 1460.000000
184500 1.000000 1460.000000
185000 1.000000 1460.000000
185500 1.000000 1460.000000
186000 1.000000 1460.000000
186500 1.000000 1460.000000
187000 1.000000 1460.000000
187500 1.000000 1460.000000
188000 1.000000 1460.000000
188500 1.000000 1460.000000
189000 1.000000 1460.000000
189500 1.000000 1460.000000
190000 1.000000 1460.000000
190500 1.000000 1460.000000
191000 1.000000 1460.000000
191500 1.000000 1460.000000
192000 1.000000 1460.000000
192500 1.000000 1460.000000
193000 1.000000 1460.000000
193500 1.000000 1460.000000
194000 1.000000 1460.000000
194500 1.000000 1460.000000
195000 1.000000 1460.000000
195500 1.000000 1460.000000
196000 1.000000 1460.000000
196500 1.000000 1460.000000
197000 1.000000 1460.000000
197500 1.000000 1460.000000
198000 1.000000 1460.000000
198500 1.000000 1460.000000
199000 1.000000 1460.000000
199500 1.000000 1460.000000
200000 1.000000 1460.000000
200500 1.000000 1460.000000
201000 1.000000 1460.000000
201500 1.000000 1460.000000
202000 1.000000 1460.000000
202500 1.000000 1460.000000
203000 1.000000 1460.000000
203500 1.000000 1460.000000
204000 1.000000 1460.000000
204500 1.000000 1460.000000
205000 1.000000 1460.000000
205500 1.000000 1460.000000
206000 1.000000 1460.000000
206500 1.000000 1460.000000
207000 1.000000 1460.000000
207500 1.000000 1460.000000
208000 1.000000 1460.000000
208500 1.000000 1460.000000
209000 1.000000 1460.000000
209500 1.000000 1460.000000
210000 1.000000 1460.000000
210500 1.000000 1460.000000
211000 1.000000 1460.000000
211500 1.000000 1460.000000
212000 1.000000 1460.000000
212500 1.000000 1460.000000
213000 1.000000 1460.000000
213500 1.000000 1460.000000
214000 1.000000 1460.000000
214500 1.000000 1460.000000
215000 1.000000 1460.000000
215500 1.000000 1460.000000
216000 1.000000 1460.000000
216500 1.000000 1460.000000
217000 1.000000 1460.000000
217500 1.000000 1460.000000
218000 1.000000 1460.000000
218500 1.000000 1460.000000
219000 1.000000 1460.000000
219500 1.000000 1460.000000
220000 1.000000 1460.000000
220500 1.000000 1460.000000
221000 1.000000 1460.000000
221500 1.000000 1460.000000
222000 1.000000 1460.000000
222500 1.000000 1460.000000
223000 1.000000 1460.000000
223500 1.000000 1460.000000
224000 1.000000 1460.000000
224500 1.000000 1460.000000
225000 1.000000 1460.000000
225500 1.000000 1460.000000
226000 1.000000 1460.000000
226500 1.000000 1460.000000
227000 1.000000 1460.000000
227500 1.000000 1460.000000
228000 1.000000 1460.000000
228500 1.000000 1460.000000
229000 1.000000 1460.000000
229500 1.000000 1460.000000
230000 1.000000 1460.000000
230500 1.000000 1460.000000
231000 1.000000 1460.000000
231500 1.000000 1460.000000
232000 1.000000 1460.000000
232500 1.000000 1460.000000
233000 1.000000 1460.000000
233500 1.000000 1460.000000
234000 1.000000 1460.000000
234500 1.000000 1460.000000
235000 1.000000 1460.000000
235500 1.000000 1460.000000
236000 1.000000 1460.000000
236500 1.000000 1460.000000
237000 1.000000 1460.000000
237500 1.000000 1460.000000
238000 1.000000 1460.000000
238500 1.000000 1460.000000
239000 1.000000 1460.000000
239500 1.000000 1460.000000
240000 1.000000 1460.000000
240500 1.000000 1460.000000
241000 1.000000 1460.000000
241500 1.000000 1460.000000
242000 1.000000 1460.000000
242500 1.000000 1460.000000
243000 1.000000 1460.000000
243500 1.000000 1460.000000
244000 1.000000 1460.000000
244500 1.000000 1460.000000
245000 1.000000 1460.000000
245500 1.000000 1460.000000
246000 1.000000 1460.000000
246500 1.000000 1460.000000
247000 1.000000 1460.000000
247500 1.000000 1460.000000
248000 1.000000 1460.000000
248500 1.000000 1460.000000
249000 1.000000 1460.000000
249500 1.000000 1460.000000
250000 1.000000 1460.000000
250500 1.000000 1460.000000
251000 1.000000 1460.000000
251500 1.000000 1460.000000
252000 1.000000 1460.000000
252500 1.000000 1460.000000
253000 1.000000 1460.000000
253500 1.000000 1460.000000
254000 1.000000 1460.000000
254500 1.000000 1460.000000
255000 1.000000 1460.000000
255500 1.000000 1460.000000
256000 1.000000 1460.000000
256500 1.000000 1460.000000
257000 1.000000 1460.000000
257500 1.000000 1460.000000
258000 1.000000 1460.000000
258500 1.000000 1460.000000
259000 1.000000 1460.000000
259500 1.000000 1460.000000
260000 1.000000 1460.000000
260500 1.000000 1460.000000
261000 1.000000 1460.000000
261500 1.000000 1460.000000
262000 1.000000 1460.000000
262500 1.000000 1460.000000
263000 1.000000 1460.000000
263500 1.000000 1460.000000
264000 1.000000 1460.000000
264500 1.000000 1460.000000
265000 1.000000 1460.000000
265500 1.000000 1460.000000
266000 1.000000 1460.000000
266500 1.000000 1460.000000
267000 1.000000 1460.000000
267500 1.000000 1460.000000
268000 1.000000 1460.000000
268500 1.000000 1460.000000
269000 1.000000 1460.000000
269500 1.000000 1460.000000
270000 1.000000 1460.000000
270500 1.000000 1460.000000
271000 1.000000 1460.000000
271500 1.000000 1460.000000
272000 1.000000 1460.000000
272500 1.000000 1460.000000
273000 1.000000 1460.000000
273500 1.000000 1460.000000
274000 1.000000 1460.000000
274500 1.000000 1460.000000
275000 1.000000 1460.000000
275500 1.000000 1460.000000
276000 1.000000 1460.000000
276500 1.000000 1460.000000
277000 1.000000 1460.000000
277500 1.000000 1460.000000
278000 1.000000 1460.000000
278500 1.000000 1460.000000
279000 1.000000 1460.000000
279500 1.000000 1460.000000
280000 1.000000 1460.000000
280500 1.000000 1460.000000
281000 1.000000 1460.000000
281500 1.000000 1460.000000
282000 1.000000 1460.000000
282500 1.000000 1460.000000
283000 1.000000 1460.000000
283500 1.000000 1460.000000
284000 1.000000 1460.000000
284500 1.000000 1460.000000
285000 1.000000 1460.000000
285500 1.000000 1460.000000
286000 1.000000 1460.000000
286500 1.000000 1460.000000
287000 1.000000 1460.000000
287500 1.000000 1460.000000
288000 1.000000 1460.000000
288500 1.000000 1460.000000
289000 1.000000 1460.000000
289500 1.000000 1460.000000
290000 1.000000 1460.000000
290500 1.000000 1460.000000
291000 1.000000 1460.000000
291500 1.000000 1460.000000
292000 1.000000 1460.000000
292500 1.000000 1460.000000
293000 1.000000 1460.000000
293500 1.000000 1460.000000
294000 1.000000 1460.000000
294500 1.000000 1460.000000
295000 1.000000 1460.000000
295500 1.000000 1460.000000
296000 1.000000 1460.000000
296500 1.000000 1460.000000
297000 1.000000 1460.000000
297500 1.000000 1460.000000
298000 1.000000 1460.000000
298500 1.000000 1460.000000
299000 1.000000 1460.000000
299500 1.000000 1460.000000
300000 1.000000 1460.000000
300500 1.000000 1460.000000
301000 1.000000 1460.000000
301500 1.000000 1460.000000
302000 1.000000 1460.000000
302500 1.000000 1460.000000
303000 1.000000 1460.000000
303500 1.000000 1460.000000
304000 1.000000 1460.000000
304500 1.000000 1460.000000
305000 1.000000 1460.000000
305500 1.000000 1460.000000
306000 1.000000 1460.000000
306500 1.000000 1460.000000
307000 1.000000 1460.000000
307500 1.000000 1460.000000
308000 1.000000 1460.000000
308500 1.000000 1460.000000
309000 1.000000 1460.000000
309500 1.000000 1460.000000
310000 1.000000 1460.000000
310500 1.000000 1460.000000
311000 1.000000 1460.000000
311500 1.000000 1460.000000
312000 1.000000 1460.000000
312500 1.000000 1460.000000
313000 1.000000 1460.000000
313500 1.000000 1460.000000
314000 1.000000 1460.000000
314500 1.000000 1460.000000
315000 1.000000 1460.000000
315500 1.000000 1460.000000
316000 1.000000 1460.000000
316500 1.000000 1460.000000
317000 1.000000 1460.000000
317500 1.000000 1460.000000
318000 1.000000 1460.000000
318500 1.000000 1460.000000
319000 1.000000 1460.000000
319500 1.000000 1460.000000
320000 1.000000 1460.000000
320500 1.000000 1460.000000
321000 1.000000 1460.000000
321500 1.000000 1460.000000
322000 1.000000 1460.000000
322500 1.000000 1460.000000
323000 1.000000 1460.000000
323500 1.000000 1460.000000
324000 1.000000 1460.000000
324500 1.000000 1460.000000
325000 1.000000 1460.000000
325500 1.000000 1460.000000
326000 1.000000 1460.000000
326500 1.000000 1460.000000
327000 1.000000 1460.000000
327500 1.000000 1460.000000
328000 1.000000 1460.000000
328500 1.000000 1460.000000
329000 1.000000 1460.000000
329500 1.000000 1460.000000
330000 1.000000 1460.000000
330500 1.000000 1460.000000
331000 1.000000 1460.000000
331500 1.000000 1460.000000
332000 1.000000 1460.000000
332500 1.000000 1460.000000
333000 1.000000 1460.000000
333500 1.000000 1460.000000
334000 1.000000 1460.000000
334500 1.000000 1460.000000
335000 1.000000 1460.000000
335500 1.000000 1460.000000
336000 1.000000 1460.000000
336500 1.000000 1460.000000
337000 1.000000 1460.000000
337500 1.000000 1460.000000
338000 1.000000 1460.000000
338500 1.000000 1460.000000
339000 1.000000 1460.000000
339500 1.000000 1460.000000
340000 1.000000 1460.000000
340500 1.000000 1460.000000
341000 1.000000 1460.000000
341500 1.000000 1460.000000
342000 1.000000 1460.000000
342500 1.000000 1460.000000
343000 1.000000 1460.000000
343500 1.000000 1460.000000
344000 1.000000 1460.000000
344500 1.000000 1460.000000
345000 1.000000 1460.000000
345500 1.000000 1460.000000
346000 1.000000 1460.000000
346500 1.000000 1460.000000
347000 1.000000 1460.000000
347500 1.000000 1460.000000
348000 1.000000 1460.000000
348500 1.000000 1460.000000
349000 1.000000 1460.000000
349500 1.000000 1460.000000
350000 1.000000 1460.000000
350500 1.000000 1460.000000
351000 1.000000 1460.000000
351500 1.000000 1460.000000
352000 1.000000 1460.000000
352500 1.000000 1460.000000
353000 1.000000 1460.000000
353500 1.000000 1460.000000
354000 1.000000 1460.000000
354500 1.000000 1460.000000
355000 1.000000 1460.000000
355500 1.000000 1460.000000
356000 1.000000 1460.000000
356500 1.000000 1460.000000
357000 1.000000 1460.000000
357500 1.000000 1460.000000
358000 1.000000 1460.000000
358500 1.000000 1460.000000
359000 1.000000 1460.000000
359500 1.000000 1460.000000
360000 1.000000 1460.000000
360500 1.000000 1460.000000
361000 1.000000 1460.000000
361500 1.000000 1460.000000
362000 1.000000 1460.000000
362500 1.000000 1460.000000
363000 1.000000 1460.000000
363500 1.000000 1460.000000
364000 1.000000 1460.000000
364500 1.000000 1460.000000
365000 1.000000 1460.000000
365500 1.000000 1460.000000
366000 1.000000 1460.000000
366500 1.000000 1460.000000
367000 1.000000 1460.000000
367500 1.000000 1460.000000
368000 1.000000 1460.000000
368500 1.000000 1460.000000
369000 1.000000 1460.000000
369500 1.000000 1460.000000
370000 1.000000 1460.000000
370500 1.000000 1460.000000
371000 1.000000 1460.000000
371500 1.000000 1460.000000
372000 1.000000 1460.000000
372500 1.000000 1460.000000
373000 1.000000 1460.000000
373500 1.000000 1460.000000
374000 1.000000 1460.000000
374500 1.000000 1460.000000
375000 1.000000 1460.000000
375500 1.000000 1460.000000
376000 1.000000 1460.000000
376500 1.000000 1460.000000
377000 1.000000 1460.000000
377500 1.000000 1460.000000
378000 1.000000 1460.000000
378500 1.000000 1460.000000
379000 1.000000 1460.000000
379500 1.000000 1460.000000
380000 1.000000 1460.000000
380500 1.000000 1460.000000
381000 1.000000 1460.000000
381500 1.000000 1460.000000
382000 1.000000 1460.000000
382500 1.000000 1460.000000
383000 1.000000 1460.000000
383500 1.000000 1460.000000
384000 1.000000 1460.000000
384500 1.000000 1460.000000
385000 1.000000 1460.000000
385500 1.000000 1460.000000
386000 1.000000 1460.000000
386500 1.000000 1460.000000
387000 1.000000 1460.000000
387500 1.000000 1460.000000
388000 1.000000 1460.000000
388500 1.000000 1460.000000
389000 1.000000 1460.000000
389500 1.000000 1460.000000
390000 1.000000 1460.000000
390500 1.000000 1460.000000
391000 1.000000 1460.000000
391500 1.000000 1460.000000
392000 1.000000 1460.000000
392500 1.000000 1460.000000
393000 1.000000 1460.000000
393500 1.000000 1460.000000
394000 1.000000 1460.000000
394500 1.000000 1460.000000
395000 1.000000 1460.000000
395500 1.000000 1460.000000
396000 1.000000 1460.000000
396500 1.000000 1460.000000
397000 1.000000 1460.000000
397500 1.000000 1460.000000
398000 1.000000 1460.000000
398500 1.000000 1460.000000
399000 1.000000 1460.000000
399500 1.000000 1460.000000
400000 1.000000 1460.000000
400500 1.000000 1460.000000
401000 1.000000 1460.000000
401500 1.000000 1460.000000
402000 1.000000 1460.000000
402500 1.000000 1460.000000
403000 1.000000 1460.000000
403500 1.000000 1460.000000
404000 1.000000 1460.000000
404500 1.000000 1460.000000
405000 1.000000 1460.000000
405500 1.000000 1460.000000
406000 1.000000 1460.000000
406500 1.000000 1460.000000
407000 1.000000 1460.000000
407500 1.000000 1460.000000
408000 1.000000 1460.000000
408500 1.000000 1460.000000
409000 1.000000 1460.000000
409500 1.000000 1460.000000
410000 1.000000 1460.000000
410500 1.000000 1460.000000
411000 1.000000 1460.000000
411500 1.000000 1460.000000
412000 1.000000 1460.000000
412500 1.000000 1460.000000
413000 1.000000 1460.000000
413500 1.000000 1460.000000
414000 1.000000 1460.000000
414500 1.000000 1460.000000
415000 1.000000 1460.000000
415500 1.000000 1460.000000
416000 1.000000 1460.000000
416500 1.000000 1460.000000
417000 1.000000 1460.000000
417500 1.000000 1460.000000
418000 1.000000 1460.000000
418500 1.000000 1460.000000
419000 1.000000 1460.000000
419500 1.000000 1460.000000
420000 1.000000 1460.000000
420500 1.000000 1460.000000
421000 1.000000 1460.000000
421500 1.000000 1460.000000
422000 1.000000 1460.000000
422500 1.000000 1460.000000
423000 1.000000 1460.000000
423500 1.000000 1460.000000
424000 1.000000 1460.000000
424500 1.000000 1460.000000
425000 1.000000 1460.000000
425500 1.000000 1460.000000
426000 1.000000 1460.000000
426500 1.000000 1460.000000
427000 1.000000 1460.000000
427500 1.000000 1460.000000
428000 1.000000 1460.000000
428500 1.000000 1460.000000
429000 1.000000 1460.000000
429500 1.000000 1460.000000
430000 1.000000 1460.000000
430500 1.000000 1460.000000
431000 1.000000 1460.000000
431500 1.000000 1460.000000
432000 1.000000 1460.000000
432500 1.000000 1460.000000
433000 1.000000 1460.000000
433500 1.000000 1460.000000
434000 1.000000 1460.000000
434500 1.000000 1460.000000
435000 1.000000 1460.000000
435500 1.000000 1460.000000
436000 1.000000 1460.000000
436500 1.000000 1460.000000
437000 1.000000 1460.000000
437500 1.000000 1460.000000
438000 1.000000 1460.000000
438500 1.000000 1460.000000
439000 1.000000 1460.000000
439500 1.000000 1460.000000
440000 1.000000 1460.000000
440500 1.000000 1460.000000
441000 1.000000 1460.000000
441500 1.000000 1460.000000
442000 1.000000 1460.000000
442500 1.000000 1460.000000
443000 1.000000 1460.000000
443500 1.000000 1460.000000
444000 1.000000 1460.000000
444500 1.000000 1460.000000
445000 1.000000 1460.000000
445500 1.000000 1460.000000
446000 1.000000 1460.000000
446500 1.000000 1460.000000
447000 1.000000 1460.000000
447500 1.000000 1460.000000
448000 1.000000 1460.000000
448500 1.000000 1460.000000
449000 1.000000 1460.000000
449500 1.000000 1460.000000
450000 1.000000 1460.000000
450500 1.000000 1460.000000
451000 1.000000 1460.000000
451500 1.000000 1460.000000
452000 1.000000 1460.000000
452500 1.000000 1460.000000
453000 1.000000 1460.000000
453500 1.000000 1460.000000
454000 1.000000 1460.000000
454500 1.000000 1460.000000
455000 1.000000 1460.000000
455500 1.000000 1460.000000
456000 1.000000 1460.000000
456500 1.000000 1460.000000
457000 1.000000 1460.000000
457500 1.000000 1460.000000
458000 1.000000 1460.000000
458500 1.000000 1460.000000
459000 1.000000 1460.000000
459500 1.000000 1460.000000
460000 1.000000 1460.000000
460500 1.000000 1460.000000
461000 1.000000 1460.000000
461500 1.000000 1460.000000
462000 1.000000 1460.000000
462500 1.000000 1460.000000
463000 1.000000 1460.000000
463500 1.000000 1460.000000
464000 1.000000 1460.000000
464500 1.000000 1460.000000
465000 1.000000 1460.000000
465500 1.000000 1460.000000
466000 1.000000 1460.000000
466500 1.000000 1460.000000
467000 1.000000 1460.000000
467500 1.000000 1460.000000
468000 1.000000 1460.000000
468500 1.000000 1460.000000
469000 1.000000 1460.000000
469500 1.000000 1460.000000
470000 1.000000 1460.000000
470500 1.000000 1460.000000
471000 1.000000 1460.000000
471500 1.000000 1460.000000
472000 1.000000 1460.000000
472500 1.000000 1460.000000
473000 1.000000 1460.000000
473500 1.000000 1460.000000
474000 1.000000 1460.000000
474500 1.000000 1460.000000
475000 1.000000 1460.000000
475500 1.000000 1460.000000
476000 1.000000 1460.000000
476500 1.000000 1460.000000
477000 1.000000 1460.000000
477500 1.000000 1460.000000
478000 1.000000 1460.000000
478500 1.000000 1460.000000
479000 1.000000 1460.000000
479500 1.000000 1460.000000
480000 1.000000 1460.000000
480500 1.000000 1460.000000
481000 1.000000 1460.000000
481500 1.000000 1460.000000
482000 1.000000 1460.000000
482500 1.000000 1460.000000
483000 1.000000 1460.000000
483500 1.000000 1460.000000
484000 1.000000 1460.000000
484500 1.000000 1460.000000
485000 1.000000 1460.000000
485500 1.000000 1460.000000
486000 1.000000 1460.000000
486500 1.000000 1460.000000
487000 1.000000 1460.000000
487500 1.000000 1460.000000
488000 1.000000 1460.000000
488500 1.000000 1460.000000
489000 1.000000 1460.000000
489500 1.000000 1460.000000
490000 1.000000 1460.000000
490500 1.000000 1460.000000
491000 1.000000 1460.000000
491500 1.000000 1460.000000
492000 1.000000 1460.000000
492500 1.000000 1460.000000
493000 1.000000 1460.000000
493500 1.000000 1460.000000
494000 1.000000 1460.000000
494500 1.000000 1460.000000
495000 1.000000 1460.000000
495500 1.000000 1460.000000
496000 1.000000 1460.000000
496500 1.000000 1460.000000
497000 1.000000 1460.000000
497500 1.000000 1460.000000
498000 1.000000 1460.000000
498500 1.000000 1460.000000
499000 1.000000 1460.000000
499500 1.000000 1460.000000
500000 1.000000 1460.000000
500500 1.000000 1460.000000
501000 1.000000 1460.000000
501500 1.000000 1460.000000
502000 1.000000 1460.000000
502500 1.000000 1460.000000
503000 1.000000 1460.000000
503500 1.000000 1460.000000
504000 1.000000 1460.000000
504500 1.000000 1460.000000
505000 1.000000 1460.000000
505500 1.000000 1460.000000
506000 1.000000 1460.000000
506500 1.000000 1460.000000
507000 1.000000 1460.000000
507500 1.000000 1460.000000
508000 1.000000 1460.000000
508500 1.000000 1460.000000
509000 1.000000 1460.000000
509500 1.000000 1460.000000
510000 1.000000 1460.000000
510500 1.000000 1460.000000
511000 1.000000 1460.000000
511500 1.000000 1460.000000
512000 1.000000 1460.000000
512500 1.000000 1460.000000
513000 1.000000 1460.000000
513500 1.000000 1460.000000
514000 1.000000 1460.000000
514500 1.000000 1460.000000
515000 1.000000 1460.000000
515500 1.000000 1460.000000
516000 1.000000 1460.000000
516500 1.000000 1460.000000
517000 1.000000 1460.000000
517500 1.000000 1460.000000
518000 1.000000 1460.000000
518500 1.000000 1460.000000
519000 1.000000 1460.000000
519500 1.000000 1460.000000
520000 1.000000 1460.000000
520500 1.000000 1460.000000
521000 1.000000 1460.000000
521500 1.000000 1460.000000
522000 1.000000 1460.000000
522500 1.000000 1460.000000
523000 1.000000 1460.000000
523500 1.000000 1460.000000
524000 1.000000 1460.000000
524500 1.000000 1460.000000
525000 1.000000 1460.000000
525500 1.000000 1460.000000
526000 1.000000 1460.000000
526500 1.000000 1460.000000
527000 1.000000 1460.000000
527500 1.000000 1460.000000
528000 1.000000 1460.000000
528500 1.000000 1460.000000
529000 1.000000 1460.000000
529500 1.000000 1460.000000
530000 1.000000 1460.000000
530500 1.000000 1460.000000
531000 1.000000 1460.000000
531500 1.000000 1460.000000
532000 1.000000 1460.000000
532500 1.000000 1460.000000
533000 1.000000 1460.000000
533500 1.000000 1460.000000
534000 1.000000 1460.000000
534500 1.000000 1460.000000
535000 1.000000 1460.000000
535500 1.000000 1460.000000
536000 1.000000 1460.000000
536500 1.000000 1460.000000
537000 1.000000 1460.000000
537500 1.000000 1460.000000
538000 1.000000 1460.000000
538500 1.000000 1460.000000
539000 1.000000 1460.000000
539500 1.000000 1460.000000
540000 1.000000 1460.000000
540500 1.000000 1460.000000
541000 1.000000 1460.000000
541500 1.000000 1460.000000
542000 1.000000 1460.000000
542500 1.000000 1460.000000
543000 1.000000 1460.000000
543500 1.000000 1460.000000
544000 1.000000 1460.000000
544500 1.000000 1460.000000
545000 1.000000 1460.000000
545500 1.000000 1460.000000
546000 1.000000 1460.000000
546500 1.000000 1460.000000
547000 1.000000 1460.000000
547500 1.000000 1460.000000
548000 1.000000 1460.000000
548500 1.000000 1460.000000
549000 1.000000 1460.000000
549500 1.000000 1460.000000
550000 1.000000 1460.000000
550500 1.000000 1460.000000
551000 1.000000 1460.000000
551500 1.000000 1460.000000
552000 1.000000 1460.000000
552500 1.000000 1460.000000
553000 1.000000 1460.000000
553500 1.000000 1460.000000
554000 1.000000 1460.000000
554500 1.000000 1460.000000
555000 1.000000 1460.000000
555500 1.000000 1460.000000
556000 1.000000 1460.000000
556500 1.000000 1460.000000
557000 1.000000 1460.000000
557500 1.000000 1460.000000
558000 1.000000 1460.000000
558500 1.000000 1460.000000
559000 1.000000 1460.000000
559500 1.000000 1460.000000
560000 1.000000 1460.000000
560500 1.000000 1460.000000
561000 1.000000 1460.000000
561500 1.000000 1460.000000
562000 1.000000 1460.000000
562500 1.000000 1460.000000
563000 1.000000 1460.000000
563500 1.000000 1460.000000
564000 1.000000 1460.000000
564500 1.000000 1460.000000
565000 1.000000 1460.000000
565500 1.000000 1460.000000
566000 1.000000 1460.000000
566500 1.000000 1460.000000
567000 1.000000 1460.000000
567500 1.000000 1460.000000
568000 1.000000 1460.000000
568500 1.000000 1460.000000
569000 1.000000 1460.000000
569500 1.000000 1460.000000
570000 1.000000 1460.000000
570500 1.000000 1460.000000
571000 1.000000 1460.000000
571500 1.000000 1460.000000
572000 1.000000 1460.000000
572500 1.000000 1460.000000
573000 1.000000 1460.000000
573500 1.000000 1460.000000
574000 1.000000 1460.000000
574500 1.000000 1460.000000
575000 1.000000 1460.000000
575500 1.000000 1460.000000
576000 1.000000 1460.000000
576500 1.000000 1460.000000
577000 1.000000 1460.000000
577500 1.000000 1460.000000
578000 1.000000 1460.000000
578500 1.000000 1460.000000
579000 1.000000 1460.000000
579500 1.000000 1460.000000
580000 1.000000 1460.000000
580500 1.000000 1460.000000
581000 1.000000 1460.000000
581500 1.000000 1460.000000
582000 1.000000 1460.000000
582500 1.000000 1460.000000
583000 1.000000 1460.000000
583500 1.000000 1460.000000
584000 1.000000 1460.000000
584500 1.000000 1460.000000
585000 1.000000 1460.000000
585500 1.000000 1460.000000
586000 1.000000 1460.000000
586500 1.000000 1460.000000
587000 1.000000 1460.000000
587500 1.000000 1460.000000
588000 1.000000 1460.000000
588500 1.000000 1460.000000
589000 1.000000 1460.000000
589500 1.000000 1460.000000
590000 1.000000 1460.000000
590500 1.000000 1460.000000
591000 1.000000 1460.000000
591500 1.000000 1460.000000
592000 1.000000 1460.000000
592500 1.000000 1460.000000
593000 1.000000 1460.000000
593500 1.000000 1460.000000
594000 1.000000 1460.000000
594500 1.000000 1460.000000
595000 1.000000 1460.000000
595500 1.000000 1460.000000
596000 1.000000 1460.000000
596500 1.000000 1460.000000
597000 1.000000 1460.000000
597500 1.000000 1460.000000
598000 1.000000 1460.000000
598500 1.000000 1460.000000
599000 1.000000 1460.000000
599500 1.000000 1460.000000
600000 1.000000 1460.000000
600500 1.000000 1460.000000
601000 1.000000 1460.000000
601500 1.000000 1460.000000
602000 1.000000 1460.000000
602500 1.000000 1460.000000
603000 1.000000 1460.000000
603500 1.000000 1460.000000
604000 1.000000 1460.000000
604500 1.000000 1460.000000
605000 1.000000 1460.000000
605500 1.000000 1460.000000
606000 1.000000 1460.000000
606500 1.000000 1460.000000
607000 1.000000 1460.000000
607500 1.000000 1460.000000
608000 1.000000 1460.000000
608500 1.000000 1460.000000
609000 1.000000 1460.000000
609500 1.000000 1460.000000
610000 1.000000 1460.000000
610500 1.000000 1460.000000
611000 1.000000 1460.000000
611500 1.000000 1460.000000
612000 1.000000 1460.000000
612500 1.000000 1460.000000
613000 1.000000 1460.000000
613500 1.000000 1460.000000
614000 1.000000 1460.000000
614500 1.000000 1460.000000
615000 1.000000 1460.000000
615500 1.000000 1460.000000
616000 1.000000 1460.000000
616500 1.000000 1460.000000
617000 1.000000 1460.000000
617500 1.000000 1460.000000
618000 1.000000 1460.000000
618500 1.000000 1460.000000
619000 1.000000 1460.000000
619500 1.000000 1460.000000
620000 1.000000 1460.000000
620500 1.000000 1460.000000
621000 1.000000 1460.000000
621500 1.000000 1460.000000
622000 1.000000 1460.000000
622500 1.000000 1460.000000
623000 1.000000 1460.000000
623500 1.000000 1460.000000
624000 1.000000 1460.000000
624500 1.000000 1460.000000
625000 1.000000 1460.000000
625500 1.000000 1460.000000
626000 1.000000 1460.000000
626500 1.000000 1460.000000
627000 1.000000 1460.000000
627500 1.000000 1460.000000
628000 1.000000 1460.000000
628500 1.000000 1460.000000
629000 1.000000 1460.000000
629500 1.000000 1460.000000
630000 1.000000 1460.000000
630500 1.000000 1460.000000
631000 1.000000 1460.000000
631500 1.000000 1460.000000
632000 1.000000 1460.000000
632500 1.000000 1460.000000
633000 1.000000 1460.000000
633500 1.000000 1460.000000
634000 1.000000 1460.000000
634500 1.000000 1460.000000
635000 1.000000 1460.000000
635500 1.000000 1460.000000
636000 1.000000 1460.000000
636500 1.000000 1460.000000
637000 1.000000 1460.000000
637500 1.000000 1460.000000
638000 1.000000 1460.000000
638500 1.000000 1460.000000
639000 1.000000 1460.000000
639500 1.000000 1460.000000
640000 1.000000 1460.000000
640500 1.000000 1460.000000
641000 1.000000 1460.000000
641500 1.000000 1460.000000
642000 1.000000 1460.000000
642500 1.000000 1460.000000
643000 1.000000 1460.000000
643500 1.000000 1460.000000
644000 1.000000 1460.000000
644500 1.000000 1460.000000
645000 1.000000 1460.000000
645500 1.000000 1460.000000
646000 1.000000 1460.000000
646500 1.000000 1460.000000
647000 1.000000 1460.000000
647500 1.000000 1460.000000
648000 1.000000 1460.000000
648500 1.000000 1460.000000
649000 1.000000 1460.000000
649500 1.000000 1460.000000
650000 1.000000 1460.000000
650500 1.000000 1460.000000
651000 1.000000 1460.000000
651500 1.000000 1460.000000
652000 1.000000 1460.000000
652500 1.000000 1460.000000
653000 1.000000 1460.000000
653500 1.000000 1460.000000
654000 1.000000 1460.000000
654500 1.000000 1460.000000
655000 1.000000 1460.000000
655500 1.000000 1460.000000
656000 1.000000 1460.000000
656500 1.000000 1460.000000
657000 1.000000 1460.000000
657500 1.000000 1460.000000
658000 1.000000 1460.000000
658500 1.000000 1460.000000
659000 1.000000 1460.000000
659500 1.000000 1460.000000
660000 1.000000 1460.000000
660500 1.000000 1460.000000
661000 1.000000 1460.000000
661500 1.000000 1460.000000
662000 1.000000 1460.000000
662500 1.000000 1460.000000
663000 1.000000 1460.000000
663500 1.000000 1460.000000
664000 1.000000 1460.000000
664500 1.000000 1460.000000
665000 1.000000 1460.000000
665500 1.000000 1460.000000
666000 1.000000 1460.000000
666500 1.000000 1460.000000
667000 1.000000 1460.000000
667500 1.000000 1460.000000
668000 1.000000 1460.000000
668500 1.000000 1460.000000
669000 1.000000 1460.000000
669500 1.000000 1460.000000
670000 1.000000 1460.000000
670500 1.000000 1460.000000
671000 1.000000 1460.000000
671500 1.000000 1460.000000
672000 1.000000 1460.000000
672500 1.000000 1460.000000
673000 1.000000 1460.000000
673500 1.000000 1460.000000
674000 1.000000 1460.000000
674500 1.000000 1460.000000
675000 1.000000 1460.000000
675500 1.000000 1460.000000
676000 1.000000 1460.000000
676500 1.000000 1460.000000
677000 1.000000 1460.000000
677500 1.000000 1460.000000
678000 1.000000 1460.000000
678500 1.000000 1460.000000
679000 1.000000 1460.000000
679500 1.000000 1460.000000
680000 1.000000 1460.000000
680500 1.000000 1460.000000
681000 1.000000 1460.000000
681500 1.000000 1460.000000
682000 1.000000 1460.000000
682500 1.000000 1460.000000
683000 1.000000 1460.000000
683500 1.000000 1460.000000
684000 1.000000 1460.000000
684500 1.000000 1460.000000
685000 1.000000 1460.000000
685500 1.000000 1460.000000
686000 1.000000 1460.000000
686500 1.000000 1460.000000
687000 1.000000 1460.000000
687500 1.000000 1460.000000
688000 1.000000 1460.000000
688500 1.000000 1460.000000
689000 1.000000 1460.000000
689500 1.000000 1460.000000
690000 1.000000 1460.000000
690500 1.000000 1460.000000
691000 1.000000 1460.000000
691500 1.000000 1460.000000
692000 1.000000 1460.000000
692500 1.000000 1460.000000
693000 1.000000 1460.000000
693500 1.000000 1460.000000
694000 1.000000 1460.000000
694500 1.000000 1460.000000
695000 1.000000 1460.000000
695500 1.000000 1460.000000
696000 1.000000 1460.000000
696500 1.000000 1460.000000
697000 1.000000 1460.000000
697500 1.000000 1460.000000
698000 1.000000 1460.000000
698500 1.000000 1460.000000
699000 1.000000 1460.000000
699500 1.000000 1460.000000
700000 1.000000 1460.000000
700500 1.000000 1460.000000
701000 1.000000 1460.000000
701500 1.000000 1460.000000
702000 1.000000 1460.000000
702500 1.000000 1460.000000
703000 1.000000 1460.000000
703500 1.000000 1460.000000
704000 1.000000 1460.000000
704500 1.000000 1460.000000
705000 1.000000 1460.000000
705500 1.000000 1460.000000
706000 1.000000 1460.000000
706500 1.000000 1460.000000
707000 1.000000 1460.000000
707500 1.000000 1460.000000
708000 1.000000 1460.000000
708500 1.000000 1460.000000
709000 1.000000 1460.000000
709500 1.000000 1460.000000
710000 1.000000 1460.000000
710500 1.000000 1460.000000
711000 1.000000 1460.000000
711500 1.000000 1460.000000
712000 1.000000 1460.000000
712500 1.000000 1460.000000
713000 1.000000 1460.000000
713500 1.000000 1460.000000
714000 1.000000 1460.000000
714500 1.000000 1460.000000
715000 1.000000 1460.000000
715500 1.000000 1460.000000
716000 1.000000 1460.000000
716500 1.000000 1460.000000
717000 1.000000 1460.000000
717500 1.000000 1460.000000
718000 1.000000 1460.000000
718500 1.000000 1460.000000
719000 1.000000 1460.000000
719500 1.000000 1460.000000
720000 1.000000 1460.000000
720500 1.000000 1460.000000
721000 1.000000 1460.000000
721500 1.000000 1460.000000
722000 1.000000 1460.000000
722500 1.000000 1460.000000
723000 1.000000 1460.000000
723500 1.000000 1460.000000
724000 1.000000 1460.000000
724500 1.000000 1460.000000
725000 1.000000 1460.000000
725500 1.000000 1460.000000
726000 1.000000 1460.000000
726500 1.000000 1460.000000
727000 1.000000 1460.000000
727500 1.000000 1460.000000
728000 1.000000 1460.000000
728500 1.000000 1460.000000
729000 1.000000 1460.000000
729500 1.000000 1460.000000
730000 1.000000 1460.000000
730500 1.000000 1460.000000
731000 1.000000 1460.000000
731500 1.000000 1460.000000
732000 1.000000 1460.000000
732500 1.000000 1460.000000
733000 1.000000 1460.000000
733500 1.000000 1460.000000
734000 1.000000 1460.000000
734500 1.000000 1460.000000
735000 1.000000 1460.000000
735500 1.000000 1460.000000
736000 1.000000 1460.000000
736500 1.000000 1460.000000
737000 1.000000 1460.000000
737500 1.000000 1460.000000
738000 1.000000 1460.000000
738500 1.000000 1460.000000
739000 1.000000 1460.000000
739500 1.000000 1460.000000
740000 1.000000 1460.000000
740500 1.000000 1460.000000
741000 1.000000 1460.000000
741500 1.000000 1460.000000
742000 1.000000 1460.000000
742500 1.000000 1460.000000
743000 1.000000 1460.000000
743500 1.000000 1460.000000
744000 1.000000 1460.000000
744500 1.000000 1460.000000
745000 1.000000 1460.000000
745500 1.000000 1460.000000
746000 1.000000 1460.000000
746500 1.000000 1460.000000
747000 1.000000 1460.000000
747500 1.000000 1460.000000
748000 1.000000 1460.000000
748500 1.000000 1460.000000
749000 1.000000 1460.000000
749500 1.000000 1460.000000
750000 1.000000 1460.000000
750500 1.000000 1460.000000
751000 1.000000 1460.000000
751500 1.000000 1460.000000
752000 1.000000 1460.000000
752500 1.000000 1460.000000
753000 1.000000 1460.000000
753500 1.000000 1460.000000
754000 1.000000 1460.000000
754500 1.000000 1460.000000
755000 1.000000 1460.000000
755500 1.000000 1460.000000
756000 1.000000 1460.000000
756500 1.000000 1460.000000
757000 1.000000 1460.000000
757500 1.000000 1460.000000
758000 1.000000 1460.000000
758500 1.000000 1460.000000
759000 1.000000 1460.000000
759500 1.000000 1460.000000
760000 1.000000 1460.000000
760500 1.000000 1460.000000
761000 1.000000 1460.000000
761500 1.000000 1460.000000
762000 1.000000 1460.000000
762500 1.000000 1460.000000
763000 1.000000 1460.000000
763500 1.000000 1460.000000
764000 1.000000 1460.000000
764500 1.000000 1460.000000
765000 1.000000 1460.000000
765500 1.000000 1460.000000
766000 1.000000 1460.000000
766500 1.000000 1460.000000
767000 1.000000 1460.000000
767500 1.000000 1460.000000
768000 1.000000 1460.000000
768500 1.000000 1460.000000
769000 1.000000 1460.000000
769500 1.000000 1460.000000
770000 1.000000 1460.000000
770500 1.000000 1460.000000
771000 1.000000 1460.000000
771500 1.000000 1460.000000
772000 1.000000 1460.000000
772500 1.000000 1460.000000
773000 1.000000 1460.000000
773500 1.000000 1460.000000
774000 1.000000 1460.000000
774500 1.000000 1460.000000
775000 1.000000 1460.000000
775500 1.000000 1460.000000
776000 1.000000 1460.000000
776500 1.000000 1460.000000
777000 1.000000 1460.000000
777500 1.000000 1460.000000
778000 1.000000 1460.000000
778500 1.000000 1460.000000
779000 1.000000 1460.000000
779500 1.000000 1460.000000
780000 1.000000 1460.000000
780500 1.000000 1460.000000
781000 1.000000 1460.000000
781500 1.000000 1460.000000
782000 1.000000 1460.000000
782500 1.000000 1460.000000
783000 1.000000 1460.000000
783500 1.000000 1460.000000
784000 1.000000 1460.000000
784500 1.000000 1460.000000
785000 1.000000 1460.000000
785500 1.000000 1460.000000
786000 1.000000 1460.000000
786500 1.000000 1460.000000
787000 1.000000 1460.000000
787500 1.000000 1460.000000
788000 1.000000 1460.000000
788500 1.000000 1460.000000
789000 1.000000 1460.000000
789500 1.000000 1460.000000
790000 1.000000 1460.000000
790500 1.000000 1460.000000
791000 1.000000 1460.000000
791500 1.000000 1460.000000
792000 1.000000 1460.000000
792500 1.000000 1460.000000
793000 1.000000 1460.000000
793500 1.000000 1460.000000
794000 1.000000 1460.000000
794500 1.000000 1460.000000
795000 1.000000 1460.000000
795500 1.000000 1460.000000
796000 1.000000 1460.000000
796500 1.000000 1460.000000
797000 1.000000 1460.000000
797500 1.000000 1460.000000
798000 1.000000 1460.000000
798500 1.000000 1460.000000
799000 1.000000 1460.000000
799500 1.000000 1460.000000
800000 1.000000 1460.000000
800500 1.000000 1460.000000
801000 1.000000 1460.000000
801500 1.000000 1460.000000
802000 1.000000 1460.000000
802500 1.000000 1460.000000
803000 1.000000 1460.000000
803500 1.000000 1460.000000
804000 1.000000 1460.000000
804500 1.000000 1460.000000
805000 1.000000 1460.000000
805500 1.000000 1460.000000
806000 1.000000 1460.000000
806500 1.000000 1460.000000
807000 1.000000 1460.000000
807500 1.000000 1460.000000
808000 1.000000 1460.000000
808500 1.000000 1460.000000
809000 1.000000 1460.000000
809500 1.000000 1460.000000
810000 1.000000 1460.000000
810500 1.000000 1460.000000
811000 1.000000 1460.000000
811500 1.000000 1460.000000
812000 1.000000 1460.000000
812500 1.000000 1460.000000
813000 1.000000 1460.000000
813500 1.000000 1460.000000
814000 1.000000 1460.000000
814500 1.000000 1460.000000
815000 1.000000 1460.000000
815500 1.000000 1460.000000
816000 1.000000 1460.000000
816500 1.000000 1460.000000
817000 1.000000 1460.000000
817500 1.000000 1460.000000
818000 1.000000 1460.000000
818500 1.000000 1460.000000
819000 1.000000 1460.000000
819500 1.000000 1460.000000
820000 1.000000 1460.000000
820500 1.000000 1460.000000
821000 1.000000 1460.000000
821500 1.000000 1460.000000
822000 1.000000 1460.000000
822500 1.000000 1460.000000
823000 1.000000 1460.000000
823500 1.000000 1460.000000
824000 1.000000 1460.000000
824500 1.000000 1460.000000
825000 1.000000 1460.000000
825500 1.000000 1460.000000
826000 1.000000 1460.000000
826500 1.000000 1460.000000
827000 1.000000 1460.000000
827500 1.000000 1460.000000
828000 1.000000 1460.000000
828500 1.000000 1460.000000
829000 1.000000 1460.000000
829500 1.000000 1460.000000
830000 1.000000 1460.000000
830500 1.000000 1460.000000
831000 1.000000 1460.000000
831500 1.000000 1460.000000
832000 1.000000 1460.000000
832500 1.000000 1460.000000
833000 1.000000 1460.000000
833500 1.000000 1460.000000
834000 1.000000 1460.000000
834500 1.000000 1460.000000
835000 1.000000 1460.000000
835500 1.000000 1460.000000
836000 1.000000 1460.000000
836500 1.000000 1460.000000
837000 1.000000 1460.000000
837500 1.000000 1460.000000
838000 1.000000 1460.000000
838500 1.000000 1460.000000
839000 1.000000 1460.000000
839500 1.000000 1460.000000
840000 1.000000 1460.000000
840500 1.000000 1460.000000
841000 1.000000 1460.000000
841500 1.000000 1460.000000
842000 1.000000 1460.000000
842500 1.000000 1460.000000
843000 1.000000 1460.000000
843500 1.000000 1460.000000
844000 1.000000 1460.000000
844500 1.000000 1460.000000
845000 1.000000 1460.000000
845500 1.000000 1460.000000
846000 1.000000 1460.000000
846500 1.000000 1460.000000
847000 1.000000 1460.000000
847500 1.000000 1460.000000
848000 1.000000 1460.000000
848500 1.000000 1460.000000
849000 1.000000 1460.000000
849500 1.000000 1460.000000
850000 1.000000 1460.000000
850500 1.000000 1460.000000
851000 1.000000 1460.000000
851500 1.000000 1460.000000
852000 1.000000 1460.000000
852500 1.000000 1460.000000
853000 1.000000 1460.000000
853500 1.000000 1460.000000
854000 1.000000 1460.000000
854500 1.000000 1460.000000
855000 1.000000 1460.000000
855500 1.000000 1460.000000
856000 1.000000 1460.000000
856500 1.000000 1460.000000
857000 1.000000 1460.000000
857500 1.000000 1460.000000
858000 1.000000 1460.000000
858500 1.000000 1460.000000
859000 1.000000 1460.000000
859500 1.000000 1460.000000
860000 1.000000 1460.000000
860500 1.000000 1460.000000
861000 1.000000 1460.000000
861500 1.000000 1460.000000
862000 1.000000 1460.000000
862500 1.000000 1460.000000
863000 1.000000 1460.000000
863500 1.000000 1460.000000
864000 1.000000 1460.000000
864500 1.000000 1460.000000
865000 1.000000 1460.000000
865500 1.000000 1460.000000
866000 1.000000 1460.000000
866500 1.000000 1460.000000
867000 1.000000 1460.000000
867500 1.000000 1460.000000
868000 1.000000 1460.000000
868500 1.000000 1460.000000
869000 1.000000 1460.000000
869500 1.000000 1460.000000
870000 1.000000 1460.000000
870500 1.000000 1460.000000
871000 1.000000 1460.000000
871500 1.000000 1460.000000
872000 1.000000 1460.000000
872500 1.000000 1460.000000
873000 1.000000 1460.000000
873500 1.000000 1460.000000
874000 1.000000 1460.000000
874500 1.000000 1460.000000
875000 1.000000 1460.000000
875500 1.000000 1460.000000
876000 1.000000 1460.000000
876500 1.000000 1460.000000
877000 1.000000 1460.000000
877500 1.000000 1460.000000
878000 1.000000 1460.000000
878500 1.000000 1460.000000
879000 1.000000 1460.000000
879500 1.000000 1460.000000
880000 1.000000 1460.000000
880500 1.000000 1460.000000
881000 1.000000 1460.000000
881500 1.000000 1460.000000
882000 1.000000 1460.000000
882500 1.000000 1460.000000
883000 1.000000 1460.000000
883500 1.000000 1460.000000
884000 1.000000 1460.000000
884500 1.000000 1460.000000
885000 1.000000 1460.000000
885500 1.000000 1460.000000
886000 1.000000 1460.000000
886500 1.000000 1460.000000
887000 1.000000 1460.000000
887500 1.000000 1460.000000
888000 1.000000 1460.000000
888500 1.000000 1460.000000
889000 1.000000 1460.000000
889500 1.000000 1460.000000
890000 1.000000 1460.000000
890500 1.000000 1460.000000
891000 1.000000 1460.000000
891500 1.000000 1460.000000
892000 1.000000 1460.000000
892500 1.000000 1460.000000
893000 1.000000 1460.000000
893500 1.000000 1460.000000
894000 1.000000 1460.000000
894500 1.000000 1460.000000
895000 1.000000 1460.000000
895500 1.000000 1460.000000
896000 1.000000 1460.000000
896500 1.000000 1460.000000
897000 1.000000 1460.000000
897500 1.000000 1460.000000
898000 1.000000 1460.000000
898500 1.000000 1460.000000
899000 1.000000 1460.000000
899500 1.000000 1460.000000
900000 1.000000 1460.000000
900500 1.000000 1460.000000
901000 1.000000 1460.000000
901500 1.000000 1460.000000
902000 1.000000 1460.000000
902500 1.000000 1460.000000
903000 1.000000 1460.000000
903500 1.000000 1460.000000
904000 1.000000 1460.000000
904500 1.000000 1460.000000
905000 1.000000 1460.000000
905500 1.000000 1460.000000
906000 1.000000 1460.000000
906500 1.000000 1460.000000
907000 1.000000 1460.000000
907500 1.000000 1460.000000
908000 1.000000 1460.000000
908500 1.000000 1460.000000
909000 1.000000 1460.000000
909500 1.000000 1460.000000
910000 1.000000 1460.000000
910500 1.000000 1460.000000
911000 1.000000 1460.000000
911500 1.000000 1460.000000
912000 1.000000 1460.000000
912500 1.000000 1460.000000
913000 1.000000 1460.000000
913500 1.000000 1460.000000
914000 1.000000 1460.000000
914500 1.000000 1460.000000
915000 1.000000 1460.000000
915500 1.000000 1460.000000
916000 1.000000 1460.000000
916500 1.000000 1460.000000
917000 1.000000 1460.000000
917500 1.000000 1460.000000
918000 1.000000 1460.000000
918500 1.000000 1460.000000
919000 1.000000 1460.000000
919500 1.000000 1460.000000
920000 1.000000 1460.000000
920500 1.000000 1460.000000
921000 1.000000 1460.000000
921500 1.000000 1460.000000
922000 1.000000 1460.000000
922500 1.000000 1460.000000
923000 1.000000 1460.000000
923500 1.000000 1460.000000
924000 1.000000 1460.000000
924500 1.000000 1460.000000
925000 1.000000 1460.000000
925500 1.000000 1460.000000
926000 1.000000 1460.000000
926500 1.000000 1460.000000
927000 1.000000 1460.000000
927500 1.000000 1460.000000
928000 1.000000 1460.000000
928500 1.000000 1460.000000
929000 1.000000 1460.000000
929500 1.000000 1460.000000
930000 1.000000 1460.000000
930500 1.000000 1460.000000
931000 1.000000 1460.000000
931500 1.000000 1460.000000
932000 1.000000 1460.000000
932500 1.000000 1460.000000
933000 1.000000 1460.000000
933500 1.000000 1460.000000
934000 1.000000 1460.000000
934500 1.000000 1460.000000
935000 1.000000 1460.000000
935500 1.000000 1460.000000
936000 1.000000 1460.000000
936500 1.000000 1460.000000
937000 1.000000 1460.000000
937500 1.000000 1460.000000
938000 1.000000 1460.000000
938500 1.000000 1460.000000
939000 1.000000 1460.000000
939500 1.000000 1460.000000
940000 1.000000 1460.000000
940500 1.000000 1460.000000
941000 1.000000 1460.000000
941500 1.000000 1460.000000
942000 1.000000 1460.000000
942500 1.000000 1460.000000
943000 1.000000 1460.000000
943500 1.000000 1460.000000
944000 1.000000 1460.000000
944500 1.000000 1460.000000
945000 1.000000 1460.000000
945500 1.000000 1460.000000
946000 1.000000 1460.000000
946500 1.000000 1460.000000
947000 1.000000 1460.000000
947500 1.000000 1460.000000
948000 1.000000 1460.000000
948500 1.000000 1460.000000
949000 1.000000 1460.000000
949500 1.000000 1460.000000
950000 1.000000 1460.000000
950500 1.000000 1460.000000
951000 1.000000 1460.000000
951500 1.000000 1460.000000
952000 1.000000 1460.000000
952500 1.000000 1460.000000
953000 1.000000 1460.000000
953500 1.000000 1460.000000
954000 1.000000 1460.000000
954500 1.000000 1460.000000
955000 1.000000 1460.000000
955500 1.000000 1460.000000
956000 1.000000 1460.000000
956500 1.000000 1460.000000
957000 1.000000 1460.000000
957500 1.000000 1460.000000
958000 1.000000 1460.000000
958500 1.000000 1460.000000
959000 1.000000 1460.000000
959500 1.000000 1460.000000
960000 1.000000 1460.000000
960500 1.000000 1460.000000
961000 1.000000 1460.000000
961500 1.000000 1460.000000
962000 1.000000 1460.000000
962500 1.000000 1460.000000
963000 1.000000 1460.000000
963500 1.000000 1460.000000
964000 1.000000 1460.000000
964500 1.000000 1460.000000
965000 1.000000 1460.000000
965500 1.000000 1460.000000
966000 1.000000 1460.000000
966500 1.000000 1460.000000
967000 1.000000 1460.000000
967500 1.000000 1460.000000
968000 1.000000 1460.000000
968500 1.000000 1460.000000
969000 1.000000 1460.000000
969500 1.000000 1460.000000
970000 1.000000 1460.000000
970500 1.000000 1460.000000
971000 1.000000 1460.000000
971500 1.000000 1460.000000
972000 1.000000 1460.000000
972500 1.000000 1460.000000
973000 1.000000 1460.000000
973500 1.000000 1460.000000
974000 1.000000 1460.000000
974500 1.000000 1460.000000
975000 1.000000 1460.000000
975500 1.000000 1460.000000
976000 1.000000 1460.000000
976500 1.000000 1460.000000
977000 1.000000 1460.000000
977500 1.000000 1460.000000
978000 1.000000 1460.000000
978500 1.000000 1460.000000
979000 1.000000 1460.000000
979500 1.000000 1460.000000
980000 1.000000 1460.000000
980500 1.000000 1460.000000
981000 1.000000 1460.000000
981500 1.000000 1460.000000
982000 1.000000 1460.000000
982500 1.000000 1460.000000
983000 1.000000 1460.000000
983500 1.000000 1460.000000
984000 1.000000 1460.000000
984500 1.000000 1460.000000
985000 1.000000 1460.000000
985500 1.000000 1460.000000
986000 1.000000 1460.000000
986500 1.000000 1460.000000
987000 1.000000 1460.000000
987500 1.000000 1460.000000
988000 1.000000 1460.000000
988500 1.000000 1460.000000
989000 1.000000 1460.000000
989500 1.000000 1460.000000
990000 1.000000 1460.000000
990500 1.000000 1460.000000
991000 1.000000 1460.000000
991500 1.000000 1460.000000
992000 1.000000 1460.000000
992500 1.000000 1460.000000
993000 1.000000 1460.000000
993500 1.000000 1460.000000
994000 1.000000 1460.000000
994500 1.000000 1460.000000
995000 1.000000 1460.000000
995500 1.000000 1460.000000
996000 1.000000 1460.000000
996500 1.000000 1460.000000
997000 1.000000 1460.000000
997500 1.000000 1460.000000
998000 1.000000 1460.000000
998500 1.000000 1460.000000
999000 1.000000 1460.000000
999500 1.000000 1460.000000
1000000 1.000000 1460.000000
