1651159238.985060, 0
1651159239.003549, 0
1651159239.017279, 2
1651159239.031932, 6
1651159239.055589, 0
1651159239.072590, 7
1651159239.086696, 6
1651159239.100956, 12
1651159239.116277, 16
1651159239.131497, 18
1651159239.149449, 23
1651159239.163847, 24
1651159239.178290, 30
1651159239.191962, 32
1651159239.205391, 36
1651159239.219510, 39
1651159239.233296, 43
1651159239.249083, 50
1651159239.274090, 50
1651159239.288737, 54
1651159239.305139, 60
1651159239.320157, 63
1651159239.333723, 68
1651159239.347415, 71
1651159239.362662, 77
1651159239.376522, 79
1651159239.391352, 85
1651159239.405888, 87
1651159239.420580, 91
1651159239.434210, 94
1651159239.448094, 98
1651159239.462470, 102
1651159239.477040, 108
1651159239.491062, 110
1651159239.505905, 114
1651159239.522904, 120
1651159239.537053, 122
1651159239.551721, 126
1651159239.566217, 130
1651159239.579436, 134
1651159239.593979, 139
1651159239.607172, 142
1651159239.620804, 144
1651159239.635417, 149
1651159239.648772, 151
1651159239.662096, 155
1651159239.677046, 159
1651159239.692828, 165
1651159239.707537, 168
1651159239.723240, 173
1651159239.737732, 178
1651159239.751187, 180
1651159239.764682, 184
1651159239.778454, 188
1651159239.792994, 193
1651159239.806764, 195
1651159239.820279, 200
1651159239.833711, 200
1651159239.848643, 200
1651159239.862734, 200
1651159239.876360, 200
1651159239.889552, 199
1651159239.903120, 200
1651159239.916524, 200
1651159239.931167, 200
1651159239.946623, 200
1651159239.960181, 199
1651159239.974347, 200
1651159239.988508, 199
1651159240.003164, 199
1651159240.017784, 199
1651159240.031444, 200
1651159240.044293, 200
1651159240.058820, 200
1651159240.072698, 200
1651159240.091249, 199
1651159240.106309, 199
1651159240.123182, 200
1651159240.136981, 200
1651159240.150850, 200
1651159240.166497, 200
1651159240.181409, 200
1651159240.196859, 200
1651159240.212344, 200
1651159240.229027, 200
1651159240.243086, 200
1651159240.259701, 200
1651159240.273487, 200
1651159240.286703, 199
1651159240.300773, 200
1651159240.314829, 200
1651159240.332453, 200
1651159240.348478, 199
1651159240.362140, 200
1651159240.382783, 200
1651159240.396493, 199
1651159240.410760, 200
1651159240.425538, 199
1651159240.439390, 200
1651159240.453470, 199
1651159240.467918, 199
1651159240.483056, 200
1651159240.498439, 200
1651159240.512523, 200
1651159240.529459, 200
1651159240.543467, 199
1651159240.558021, 199
1651159240.571907, 199
1651159240.585937, 199
1651159240.599470, 200
1651159240.615189, 199
1651159240.628872, 199
1651159240.642457, 200
1651159240.656578, 199
1651159240.671334, 198
1651159240.685646, 198
1651159240.699514, 198
1651159240.715238, 199
1651159240.729753, 199
1651159240.744253, 198
1651159240.761139, 198
1651159240.774739, 199
1651159240.792890, 199
1651159240.808680, 198
1651159240.823479, 199
1651159240.837262, 198
1651159240.850834, 198
1651159240.864516, 198
1651159240.879671, 198
1651159240.893293, 199
1651159240.908018, 198
1651159240.923654, 199
1651159240.937653, 198
1651159240.951958, 199
1651159240.966671, 198
1651159240.981106, 198
1651159240.994678, 198
1651159241.011107, 199
1651159241.024651, 199
1651159241.037880, 198
1651159241.053275, 198
1651159241.066872, 197
1651159241.082475, 199
1651159241.096965, 199
1651159241.111566, 200
1651159241.125683, 199
1651159241.139356, 200
1651159241.153050, 200
1651159241.168008, 199
1651159241.182656, 200
1651159241.196264, 200
1651159241.211274, 200
1651159241.224762, 200
1651159241.239252, 200
1651159241.253968, 200
1651159241.267559, 199
1651159241.282145, 199
1651159241.295763, 199
1651159241.310683, 199
1651159241.325104, 198
1651159241.339622, 199
1651159241.353113, 199
1651159241.366864, 200
1651159241.381337, 200
1651159241.395967, 199
1651159241.410679, 200
1651159241.424216, 200
1651159241.438150, 199
1651159241.452093, 199
1651159241.465475, 198
1651159241.478767, 198
1651159241.492073, 197
1651159241.505822, 196
1651159241.519549, 195
1651159241.533492, 197
1651159241.546725, 196
1651159241.560285, 196
1651159241.574018, 200
1651159241.587300, 199
1651159241.600723, 199
1651159241.614769, 200
1651159241.628449, 199
1651159241.641401, 200
1651159241.654848, 200
1651159241.678228, 199
1651159241.694275, 199
1651159241.708233, 199
1651159241.723621, 200
1651159241.738936, 199
1651159241.753329, 199
1651159241.766592, 198
1651159241.781067, 200
1651159241.795715, 200
1651159241.809401, 200
1651159241.823135, 200
1651159241.836955, 199
1651159241.853047, 200
1651159241.866581, 200
1651159241.880559, 200
1651159241.895610, 200
1651159241.909042, 200
1651159241.923309, 200
1651159241.937179, 199
1651159241.950942, 199
1651159241.965864, 199
1651159241.979574, 199
1651159241.993406, 199
1651159242.008769, 199
1651159242.022831, 199
1651159242.037494, 199
1651159242.051916, 200
1651159242.066740, 199
1651159242.080637, 196
1651159242.094700, 196
1651159242.110678, 196
1651159242.126302, 198
1651159242.141005, 199
1651159242.156517, 198
1651159242.171136, 199
1651159242.185411, 198
1651159242.199124, 197
1651159242.212590, 195
1651159242.227631, 195
1651159242.242508, 196
1651159242.259244, 196
1651159242.273836, 195
1651159242.289239, 195
1651159242.303924, 196
1651159242.319546, 196
1651159242.334134, 198
1651159242.348195, 197
1651159242.364485, 197
1651159242.377904, 194
1651159242.391794, 196
1651159242.406336, 197
1651159242.419882, 199
1651159242.434678, 199
1651159242.448885, 199
1651159242.463577, 199
1651159242.479683, 197
1651159242.493574, 197
1651159242.508140, 197
1651159242.522011, 197
1651159242.536041, 199
1651159242.549734, 200
1651159242.568814, 197
1651159242.585831, 198
1651159242.598960, 200
1651159242.613972, 196
1651159242.627477, 199
1651159242.642129, 199
1651159242.655311, 199
1651159242.669033, 198
1651159242.683584, 197
1651159242.697126, 198
1651159242.711251, 197
1651159242.725424, 199
1651159242.740178, 197
1651159242.754011, 198
1651159242.767540, 200
1651159242.782715, 198
1651159242.801604, 196
1651159242.821760, 196
1651159242.841656, 199
1651159242.855868, 198
1651159242.870999, 198
1651159242.884625, 197
1651159242.903145, 200
1651159242.920749, 197
1651159242.934427, 197
1651159242.961013, 199
1651159242.975048, 199
1651159242.988428, 199
1651159243.002766, 198
1651159243.017515, 197
1651159243.031691, 198
1651159243.050915, 198
1651159243.068941, 196
1651159243.083816, 197
1651159243.098678, 196
1651159243.119040, 193
1651159243.132791, 195
1651159243.149962, 196
1651159243.165870, 198
1651159243.179382, 197
1651159243.196150, 195
1651159243.212456, 196
1651159243.228256, 199
1651159243.242070, 196
1651159243.255791, 199
1651159243.269584, 198
1651159243.283431, 199
1651159243.297212, 199
1651159243.310788, 199
1651159243.324990, 198
1651159243.339330, 198
1651159243.353265, 199
1651159243.367481, 198
1651159243.381528, 199
1651159243.395410, 199
1651159243.409890, 197
1651159243.423692, 196
1651159243.437392, 194
1651159243.451017, 195
1651159243.464736, 198
1651159243.479000, 197
1651159243.493046, 197
1651159243.506681, 194
1651159243.520410, 195
1651159243.534371, 197
1651159243.547723, 196
1651159243.561075, 198
1651159243.574965, 198
1651159243.588235, 197
1651159243.602645, 199
1651159243.616494, 198
1651159243.631062, 195
1651159243.644942, 192
1651159243.658700, 191
1651159243.672062, 189
1651159243.686229, 185
1651159243.700518, 182
1651159243.715092, 179
1651159243.728217, 173
1651159243.741747, 167
1651159243.756065, 162
1651159243.769517, 157
1651159243.783023, 155
1651159243.797201, 150
1651159243.810524, 145
1651159243.824077, 140
1651159243.837393, 138
1651159243.850738, 135
1651159243.864455, 132
1651159243.879098, 134
1651159243.892402, 133
1651159243.908703, 131
1651159243.926412, 130
1651159243.944129, 130
1651159243.963492, 129
1651159243.982893, 130
1651159243.997795, 129
1651159244.011894, 130
1651159244.025264, 129
1651159244.038940, 130
1651159244.052401, 132
1651159244.067058, 132
1651159244.082089, 133
1651159244.097254, 131
1651159244.111558, 129
1651159244.125331, 123
1651159244.150711, 118
1651159244.166417, 114
1651159244.180727, 111
1651159244.194542, 107
1651159244.207616, 102
1651159244.221734, 99
1651159244.236476, 97
1651159244.249940, 95
1651159244.263374, 93
1651159244.276576, 91
1651159244.289706, 89
1651159244.303358, 88
1651159244.317037, 87
1651159244.331022, 87
1651159244.354344, 85
1651159244.369776, 86
1651159244.383446, 86
1651159244.397500, 85
1651159244.411889, 85
1651159244.425548, 83
1651159244.438812, 83
1651159244.452445, 83
1651159244.466024, 83
1651159244.480791, 84
1651159244.494307, 83
1651159244.508172, 83
1651159244.522670, 84
1651159244.536464, 81
1651159244.550380, 83
1651159244.563975, 82
1651159244.585331, 81
1651159244.600901, 83
1651159244.615080, 82
1651159244.628838, 83
1651159244.642550, 83
1651159244.656308, 83
1651159244.670402, 83
1651159244.684549, 83
1651159244.698229, 82
1651159244.712330, 83
1651159244.726569, 82
1651159244.740151, 83
1651159244.753856, 82
1651159244.768511, 83
1651159244.782196, 83
1651159244.795869, 82
1651159244.809370, 81
1651159244.823062, 83
1651159244.836724, 82
1651159244.850263, 82
1651159244.864105, 82
1651159244.877692, 80
1651159244.892380, 82
1651159244.906035, 83
1651159244.919017, 81
1651159244.932000, 81
1651159244.945611, 81
1651159244.959233, 80
1651159244.973183, 80
1651159244.986589, 81
1651159245.003655, 80
1651159245.018958, 78
1651159245.037669, 80
1651159245.052997, 80
1651159245.067843, 78
1651159245.084258, 79
1651159245.101961, 78
1651159245.119446, 80
1651159245.135415, 80
1651159245.151763, 79
1651159245.170103, 81
1651159245.185051, 80
1651159245.202487, 80
1651159245.219999, 80
1651159245.236344, 80
1651159245.253891, 79
1651159245.269681, 80
1651159245.286335, 79
1651159245.306523, 80
1651159245.323048, 80
1651159245.337897, 79
1651159245.355683, 80
1651159245.374119, 81
1651159245.394452, 80
1651159245.408101, 81
1651159245.431057, 81
1651159245.450351, 80
1651159245.464694, 81
1651159245.480049, 81
1651159245.493948, 80
1651159245.507348, 80
1651159245.522002, 79
1651159245.535372, 79
1651159245.549282, 80
1651159245.564067, 79
1651159245.578504, 78
1651159245.592191, 79
1651159245.605602, 79
1651159245.619595, 80
1651159245.633394, 80
1651159245.646791, 79
1651159245.659826, 81
1651159245.673209, 79
1651159245.696613, 81
1651159245.712921, 80
1651159245.726855, 79
1651159245.742208, 80
1651159245.757763, 80
1651159245.773647, 81
1651159245.789172, 80
1651159245.803713, 81
1651159245.818825, 80
1651159245.833974, 78
1651159245.850567, 78
1651159245.867646, 77
1651159245.883636, 77
1651159245.899413, 76
1651159245.914322, 77
1651159245.928020, 75
1651159245.942285, 75
1651159245.956339, 75
1651159245.969871, 76
1651159245.982999, 75
1651159245.996632, 75
1651159246.010706, 75
1651159246.024940, 77
1651159246.039041, 76
1651159246.053242, 75
1651159246.067861, 76
1651159246.085648, 75
1651159246.099295, 75
1651159246.113117, 74
1651159246.126683, 77
1651159246.142500, 76
1651159246.156483, 76
1651159246.172157, 75
1651159246.190692, 76
1651159246.204247, 76
1651159246.218208, 76
1651159246.231727, 76
1651159246.245632, 77
1651159246.259847, 75
1651159246.274282, 77
1651159246.288617, 77
1651159246.303332, 76
1651159246.317535, 76
1651159246.331461, 76
1651159246.346260, 76
1651159246.361004, 77
1651159246.375226, 76
1651159246.390489, 77
1651159246.403589, 76
1651159246.417178, 78
1651159246.431542, 77
1651159246.446696, 76
1651159246.460943, 77
1651159246.474449, 77
1651159246.488418, 76
1651159246.502192, 77
1651159246.515806, 77
1651159246.529572, 77
1651159246.543728, 76
1651159246.557083, 76
1651159246.570590, 77
1651159246.586195, 77
1651159246.599867, 78
1651159246.614367, 78
1651159246.631326, 78
1651159246.647141, 78
1651159246.664746, 77
1651159246.683430, 78
1651159246.701830, 77
1651159246.719301, 78
1651159246.735956, 77
1651159246.754924, 78
1651159246.773098, 78
1651159246.787410, 77
1651159246.803070, 79
1651159246.819245, 77
1651159246.835573, 77
1651159246.852093, 77
1651159246.868878, 77
1651159246.886915, 76
1651159246.903062, 78
1651159246.918835, 77
1651159246.935684, 76
1651159246.951649, 78
1651159246.969729, 78
1651159246.986417, 77
1651159247.002968, 77
1651159247.019434, 78
1651159247.036060, 78
1651159247.051644, 78
1651159247.072012, 78
1651159247.086913, 78
1651159247.102339, 78
1651159247.121358, 78
1651159247.135581, 79
1651159247.153969, 78
1651159247.168343, 78
1651159247.183121, 79
1651159247.196893, 78
1651159247.210663, 77
1651159247.224196, 78
1651159247.237923, 80
1651159247.251829, 79
1651159247.265829, 79
1651159247.279642, 78
1651159247.293483, 79
1651159247.307373, 79
1651159247.320794, 79
1651159247.335090, 78
1651159247.349272, 80
1651159247.364027, 79
1651159247.378547, 78
1651159247.393141, 79
1651159247.407731, 79
1651159247.422821, 79
1651159247.436592, 80
1651159247.450008, 79
1651159247.463581, 80
1651159247.478097, 79
1651159247.492589, 78
1651159247.506278, 79
1651159247.520800, 79
1651159247.535498, 79
1651159247.550136, 79
1651159247.567556, 79
1651159247.585074, 79
1651159247.602812, 79
1651159247.621302, 78
1651159247.639229, 79
1651159247.657747, 78
1651159247.674532, 80
1651159247.692795, 80
1651159247.709440, 80
1651159247.730877, 80
1651159247.745792, 80
1651159247.762090, 81
1651159247.775922, 79
1651159247.794889, 80
1651159247.815738, 79
1651159247.833474, 80
1651159247.853105, 81
1651159247.875514, 79
1651159247.891159, 80
1651159247.906959, 79
1651159247.924314, 80
1651159247.940967, 80
1651159247.955855, 80
1651159247.971308, 81
1651159247.987597, 79
1651159248.004414, 80
1651159248.019268, 81
1651159248.036235, 80
1651159248.052926, 79
1651159248.069181, 80
1651159248.084894, 82
1651159248.099959, 81
1651159248.115271, 80
1651159248.129135, 80
1651159248.142772, 81
1651159248.156294, 81
1651159248.173314, 82
1651159248.187188, 82
1651159248.203276, 82
1651159248.220039, 80
1651159248.236789, 80
1651159248.251141, 81
1651159248.266097, 81
1651159248.282221, 82
1651159248.299603, 81
1651159248.314607, 81
1651159248.328160, 80
1651159248.341855, 82
1651159248.356689, 80
1651159248.370107, 82
1651159248.383806, 80
1651159248.397397, 81
1651159248.411433, 81
1651159248.425315, 82
1651159248.438832, 81
1651159248.452066, 82
1651159248.465677, 81
1651159248.479393, 80
1651159248.493186, 82
1651159248.512950, 83
1651159248.527635, 83
1651159248.542633, 83
1651159248.556246, 81
1651159248.570005, 82
1651159248.584674, 82
1651159248.598167, 83
1651159248.611397, 83
1651159248.626652, 82
1651159248.639980, 82
1651159248.655950, 83
1651159248.670740, 82
1651159248.684234, 80
1651159248.698995, 82
1651159248.713535, 82
1651159248.727352, 81
1651159248.742111, 82
1651159248.755576, 82
1651159248.771237, 82
1651159248.785777, 82
1651159248.799644, 83
1651159248.813476, 83
1651159248.827231, 82
1651159248.843157, 81
1651159248.859824, 83
1651159248.873966, 82
1651159248.887896, 82
1651159248.902505, 82
1651159248.916279, 82
1651159248.931690, 82
1651159248.945329, 83
1651159248.959236, 83
1651159248.973819, 84
1651159248.991434, 83
1651159249.005048, 82
1651159249.021672, 83
1651159249.036368, 83
1651159249.049939, 83
1651159249.063966, 83
1651159249.086677, 84
1651159249.100201, 83
1651159249.113896, 83
1651159249.128108, 82
1651159249.141672, 84
1651159249.155474, 83
1651159249.169944, 83
1651159249.186654, 83
1651159249.200336, 83
1651159249.217904, 84
1651159249.235289, 82
1651159249.252940, 84
1651159249.268063, 84
1651159249.286169, 83
1651159249.305469, 83
1651159249.319811, 84
1651159249.335734, 82
1651159249.350408, 82
1651159249.367442, 83
1651159249.383236, 85
1651159249.398767, 84
1651159249.414284, 84
1651159249.429435, 85
1651159249.443324, 85
1651159249.456885, 84
1651159249.475369, 84
1651159249.489565, 84
1651159249.503311, 85
1651159249.517372, 84
1651159249.535217, 85
1651159249.551661, 84
1651159249.566980, 83
1651159249.583732, 84
1651159249.600088, 84
1651159249.616671, 84
1651159249.633291, 85
1651159249.649090, 84
1651159249.664731, 84
1651159249.680177, 84
1651159249.694550, 85
1651159249.710937, 85
1651159249.734803, 84
1651159249.751031, 84
1651159249.766964, 84
1651159249.785520, 84
1651159249.800343, 84
1651159249.815035, 84
1651159249.830083, 86
1651159249.843848, 86
1651159249.857553, 85
1651159249.871205, 85
1651159249.887911, 85
1651159249.902336, 85
1651159249.916049, 86
1651159249.930157, 85
1651159249.944073, 86
1651159249.958269, 85
1651159249.974416, 85
1651159249.987718, 86
1651159250.002421, 84
1651159250.019100, 85
1651159250.034982, 84
1651159250.056066, 85
1651159250.069991, 85
1651159250.083382, 85
1651159250.097403, 86
1651159250.111800, 85
1651159250.126535, 86
1651159250.141194, 85
1651159250.154829, 85
1651159250.168939, 86
1651159250.183620, 85
1651159250.198459, 85
1651159250.211892, 86
1651159250.225050, 85
1651159250.238659, 86
1651159250.251978, 85
1651159250.265512, 85
1651159250.280209, 85
1651159250.295362, 86
1651159250.309653, 86
1651159250.323252, 87
1651159250.338201, 87
1651159250.351550, 87
1651159250.367127, 86
1651159250.382862, 86
1651159250.399524, 86
1651159250.417893, 86
1651159250.433190, 85
1651159250.449540, 86
1651159250.467311, 87
1651159250.484783, 87
1651159250.501565, 86
1651159250.518355, 87
1651159250.534454, 87
1651159250.551790, 87
1651159250.568542, 87
1651159250.584998, 88
1651159250.601547, 87
1651159250.619487, 87
1651159250.635157, 85
1651159250.651674, 87
1651159250.667532, 86
1651159250.684145, 88
1651159250.700172, 87
1651159250.718883, 87
1651159250.736077, 89
1651159250.755743, 87
1651159250.771816, 88
1651159250.787527, 86
1651159250.802856, 87
1651159250.818206, 86
1651159250.836130, 87
1651159250.850800, 87
1651159250.865842, 87
1651159250.883368, 87
1651159250.897106, 87
1651159250.912564, 88
1651159250.928373, 86
1651159250.942789, 88
1651159250.956573, 88
1651159250.970718, 87
1651159250.985308, 89
1651159250.999029, 88
1651159251.013622, 89
1651159251.027269, 87
1651159251.040898, 88
1651159251.055282, 88
1651159251.068595, 89
1651159251.083126, 89
1651159251.097296, 89
1651159251.112156, 87
1651159251.127669, 87
1651159251.145325, 87
1651159251.159179, 87
1651159251.173694, 87
1651159251.187325, 87
1651159251.202165, 88
1651159251.223254, 89
1651159251.238099, 90
1651159251.253464, 88
1651159251.268456, 90
1651159251.285273, 90
1651159251.301892, 89
1651159251.317573, 89
1651159251.334144, 90
1651159251.350741, 89
1651159251.365355, 89
1651159251.379451, 89
1651159251.393024, 89
1651159251.406379, 89
1651159251.420094, 89
1651159251.435715, 90
1651159251.452872, 90
1651159251.468734, 89
1651159251.485197, 89
1651159251.502162, 88
1651159251.518734, 88
1651159251.532806, 87
1651159251.547860, 87
1651159251.562340, 88
1651159251.576914, 88
1651159251.589897, 90
1651159251.603620, 90
1651159251.618189, 90
1651159251.631909, 89
1651159251.646635, 88
1651159251.659928, 89
1651159251.674149, 89
1651159251.688215, 89
1651159251.703831, 91
1651159251.717924, 89
1651159251.730901, 90
1651159251.745170, 90
1651159251.759047, 90
1651159251.772532, 90
1651159251.788433, 91
1651159251.802034, 89
1651159251.818274, 89
1651159251.833282, 89
1651159251.849065, 90
1651159251.862640, 88
1651159251.876289, 89
1651159251.892937, 89
1651159251.907094, 90
1651159251.920407, 89
1651159251.934665, 90
1651159251.949459, 90
1651159251.963889, 90
1651159251.978036, 90
1651159251.992174, 91
1651159252.006041, 91
1651159252.021754, 90
1651159252.036578, 89
1651159252.051228, 91
1651159252.064746, 90
1651159252.081354, 91
1651159252.095860, 88
1651159252.110208, 90
1651159252.127283, 89
1651159252.141502, 91
1651159252.155477, 90
1651159252.170005, 90
1651159252.184504, 90
1651159252.199115, 90
1651159252.212687, 89
1651159252.226431, 91
1651159252.243211, 90
1651159252.256970, 92
1651159252.272574, 90
1651159252.287900, 91
1651159252.303436, 91
1651159252.318651, 90
1651159252.334844, 90
1651159252.351279, 91
1651159252.369138, 90
1651159252.384414, 91
1651159252.401121, 91
1651159252.416827, 91
1651159252.434051, 91
1651159252.452099, 91
1651159252.470496, 93
1651159252.487268, 91
1651159252.503409, 91
1651159252.516830, 90
1651159252.531222, 90
1651159252.545851, 90
1651159252.559673, 91
1651159252.573762, 92
1651159252.587392, 91
1651159252.602285, 92
1651159252.617776, 91
1651159252.634756, 92
1651159252.649369, 92
1651159252.664171, 92
1651159252.679180, 92
1651159252.693615, 93
1651159252.707039, 92
1651159252.722294, 92
1651159252.736386, 92
1651159252.752127, 92
1651159252.766759, 92
1651159252.790424, 92
1651159252.804053, 91
1651159252.819051, 91
1651159252.833963, 91
1651159252.848043, 91
1651159252.862719, 92
1651159252.876159, 93
1651159252.889649, 92
1651159252.903536, 92
1651159252.918948, 91
1651159252.932741, 91
1651159252.947435, 92
1651159252.961553, 92
1651159252.975312, 92
1651159252.989123, 92
1651159253.003835, 94
1651159253.018648, 92
1651159253.033439, 92
1651159253.048037, 92
1651159253.064577, 92
1651159253.080121, 93
1651159253.094949, 93
1651159253.110702, 94
1651159253.124879, 92
1651159253.140494, 94
1651159253.155159, 93
1651159253.168525, 93
1651159253.183552, 92
1651159253.197287, 91
1651159253.210720, 92
1651159253.227334, 92
1651159253.243074, 92
1651159253.258255, 93
1651159253.272342, 91
1651159253.286775, 92
1651159253.302073, 92
1651159253.315206, 93
1651159253.330478, 93
1651159253.344970, 93
1651159253.358636, 94
1651159253.372502, 93
1651159253.390052, 93
1651159253.404638, 92
1651159253.420225, 94
1651159253.435161, 92
1651159253.450734, 93
1651159253.466370, 94
1651159253.480317, 93
1651159253.495643, 92
1651159253.510552, 94
1651159253.534368, 92
1651159253.549441, 93
1651159253.564571, 92
1651159253.578638, 93
1651159253.592708, 94
1651159253.606390, 92
1651159253.620832, 94
1651159253.635330, 92
1651159253.648717, 93
1651159253.662875, 94
1651159253.676604, 95
1651159253.699106, 94
1651159253.716825, 95
1651159253.732576, 94
1651159253.748040, 93
1651159253.763152, 94
1651159253.778170, 94
1651159253.791784, 93
1651159253.805557, 94
1651159253.821126, 95
1651159253.836683, 95
1651159253.851773, 95
1651159253.867137, 95
1651159253.882931, 95
1651159253.898285, 95
1651159253.912085, 95
1651159253.925468, 94
1651159253.939181, 94
1651159253.954655, 94
1651159253.968822, 95
1651159253.982492, 94
1651159253.996862, 96
1651159254.021388, 96
1651159254.036676, 94
1651159254.051442, 94
1651159254.065903, 95
1651159254.079184, 94
1651159254.092672, 95
1651159254.106968, 96
1651159254.120716, 95
1651159254.134766, 94
1651159254.148968, 96
1651159254.164745, 95
1651159254.188070, 94
1651159254.202780, 95
1651159254.218291, 95
1651159254.235101, 93
1651159254.250775, 93
1651159254.266310, 94
1651159254.282616, 95
1651159254.297669, 94
1651159254.311365, 95
1651159254.325066, 94
1651159254.338370, 96
1651159254.351410, 96
1651159254.365111, 96
1651159254.378813, 95
1651159254.392463, 97
1651159254.405656, 96
1651159254.419251, 96
1651159254.434959, 96
1651159254.452938, 95
1651159254.468016, 95
1651159254.485623, 95
1651159254.503181, 96
1651159254.518811, 96
1651159254.535486, 95
1651159254.551896, 95
1651159254.566756, 95
1651159254.583223, 95
1651159254.598807, 95
1651159254.612366, 95
1651159254.626121, 95
1651159254.641710, 95
1651159254.655832, 96
1651159254.671536, 96
1651159254.687126, 96
1651159254.701776, 96
1651159254.718363, 96
1651159254.734954, 95
1651159254.753524, 97
1651159254.767208, 97
1651159254.780995, 97
1651159254.795083, 95
1651159254.808676, 97
1651159254.821992, 97
1651159254.835260, 96
1651159254.848455, 97
1651159254.861996, 96
1651159254.879097, 96
1651159254.893598, 97
1651159254.907343, 97
1651159254.920480, 96
1651159254.935211, 95
1651159254.950469, 95
1651159254.965305, 96
1651159254.979593, 95
1651159254.993966, 96
1651159255.008513, 96
1651159255.022322, 96
1651159255.036856, 95
1651159255.052553, 97
1651159255.067159, 96
1651159255.082680, 95
1651159255.098339, 97
1651159255.112927, 97
1651159255.126581, 96
1651159255.140467, 97
1651159255.154116, 97
1651159255.167869, 98
1651159255.182433, 98
1651159255.195933, 98
1651159255.208935, 96
1651159255.222436, 98
1651159255.236900, 96
1651159255.250656, 96
1651159255.265166, 97
1651159255.279891, 97
1651159255.296478, 96
1651159255.311089, 97
1651159255.325729, 96
1651159255.339347, 97
1651159255.354027, 97
1651159255.368637, 96
1651159255.382292, 96
1651159255.398121, 97
1651159255.411679, 98
1651159255.424995, 97
1651159255.439631, 97
1651159255.453310, 97
1651159255.466992, 98
1651159255.480996, 98
1651159255.495384, 98
1651159255.509344, 99
1651159255.523733, 98
1651159255.538003, 97
1651159255.551804, 96
1651159255.565004, 97
1651159255.579649, 97
1651159255.595282, 96
1651159255.609911, 98
1651159255.624301, 98
1651159255.638621, 97
1651159255.652836, 97
1651159255.666679, 98
1651159255.682152, 97
1651159255.695886, 97
1651159255.711547, 97
1651159255.725290, 97
1651159255.739066, 98
1651159255.753671, 97
1651159255.767153, 98
1651159255.788688, 98
1651159255.803406, 98
1651159255.817538, 98
1651159255.838363, 98
1651159255.852306, 100
1651159255.865855, 99
1651159255.879700, 99
1651159255.893393, 97
1651159255.906976, 100
1651159255.921567, 99
1651159255.935344, 98
1651159255.949107, 99
1651159255.962792, 100
1651159255.976174, 99
1651159255.990043, 98
1651159256.011710, 99
1651159256.026327, 98
1651159256.039981, 97
1651159256.056272, 97
1651159256.069826, 98
1651159256.085493, 99
1651159256.103975, 98
1651159256.117660, 98
1651159256.131356, 99
1651159256.147012, 98
1651159256.160577, 100
1651159256.179179, 98
1651159256.193200, 99
1651159256.207457, 100
1651159256.223220, 99
1651159256.237890, 98
1651159256.251527, 97
1651159256.267449, 98
1651159256.282947, 99
1651159256.296646, 99
1651159256.310814, 99
1651159256.332599, 100
1651159256.346637, 101
1651159256.360996, 98
1651159256.374969, 98
1651159256.389322, 98
1651159256.403306, 100
1651159256.416689, 99
1651159256.430578, 99
1651159256.446285, 98
1651159256.460081, 99
1651159256.476509, 99
1651159256.491039, 99
1651159256.504728, 99
1651159256.518688, 101
1651159256.532593, 99
1651159256.546844, 99
1651159256.566947, 100
1651159256.583530, 100
1651159256.598243, 99
1651159256.613517, 100
1651159256.628472, 99
1651159256.641803, 100
1651159256.656022, 100
1651159256.670669, 101
1651159256.684299, 101
1651159256.697951, 100
1651159256.711624, 101
1651159256.726264, 100
1651159256.739993, 100
1651159256.754650, 100
1651159256.768368, 101
1651159256.781946, 100
1651159256.797511, 101
1651159256.811540, 100
1651159256.825075, 101
1651159256.838793, 101
1651159256.852391, 103
1651159256.865876, 102
1651159256.879995, 102
1651159256.893637, 101
1651159256.908314, 101
1651159256.922053, 101
1651159256.936587, 100
1651159256.951266, 101
1651159256.964863, 101
1651159256.978710, 100
1651159256.992971, 100
1651159257.006873, 102
1651159257.020091, 101
1651159257.032981, 101
1651159257.046788, 102
1651159257.060074, 102
1651159257.073703, 101
1651159257.087202, 100
1651159257.101296, 101
1651159257.115072, 100
1651159257.128628, 100
1651159257.142338, 100
1651159257.156320, 100
1651159257.169592, 100
1651159257.183142, 99
1651159257.204757, 101
1651159257.219562, 102
1651159257.233826, 102
1651159257.249822, 101
1651159257.263424, 101
1651159257.277669, 101
1651159257.291022, 101
1651159257.304844, 101
1651159257.319492, 102
1651159257.333279, 102
1651159257.347793, 101
1651159257.362525, 102
1651159257.377071, 101
1651159257.391712, 102
1651159257.405406, 102
1651159257.419019, 102
1651159257.433204, 101
1651159257.448906, 101
1651159257.462649, 101
1651159257.476546, 100
1651159257.489867, 102
1651159257.503518, 101
1651159257.517712, 101
1651159257.535193, 101
1651159257.548175, 101
1651159257.561355, 103
1651159257.574656, 102
1651159257.587748, 102
1651159257.602799, 102
1651159257.616263, 103
1651159257.632933, 102
1651159257.646926, 102
1651159257.660834, 101
1651159257.674767, 102
1651159257.688439, 101
1651159257.703155, 102
1651159257.717437, 102
1651159257.730954, 102
1651159257.752769, 101
1651159257.769585, 102
1651159257.785756, 102
1651159257.800332, 101
1651159257.814354, 101
1651159257.828923, 101
1651159257.842725, 101
1651159257.859002, 101
1651159257.873584, 101
1651159257.887311, 102
1651159257.900781, 103
1651159257.915117, 102
1651159257.929134, 102
1651159257.943064, 103
1651159257.957840, 104
1651159257.971716, 103
1651159257.985886, 103
1651159258.000645, 103
1651159258.014934, 103
1651159258.028853, 103
1651159258.043181, 102
1651159258.057736, 104
1651159258.071483, 103
1651159258.086076, 103
1651159258.100723, 101
1651159258.117310, 104
1651159258.130976, 103
1651159258.145610, 103
1651159258.159351, 103
1651159258.174941, 103
1651159258.189494, 103
1651159258.203437, 101
1651159258.219277, 103
1651159258.233586, 102
1651159258.249990, 101
1651159258.264957, 103
1651159258.279589, 102
1651159258.293444, 103
1651159258.307212, 103
1651159258.320946, 104
1651159258.335304, 103
1651159258.349670, 103
1651159258.365292, 103
1651159258.379403, 103
1651159258.392941, 103
1651159258.406769, 104
1651159258.421053, 104
1651159258.434860, 103
1651159258.450974, 104
1651159258.465558, 105
1651159258.479755, 104
1651159258.499837, 105
1651159258.514751, 104
1651159258.528708, 104
1651159258.543351, 103
1651159258.558088, 103
1651159258.571644, 104
1651159258.585296, 102
1651159258.599000, 104
1651159258.613240, 104
1651159258.627438, 103
1651159258.642247, 101
1651159258.657282, 103
1651159258.671089, 101
1651159258.685687, 104
1651159258.700011, 104
1651159258.714671, 103
1651159258.729038, 104
1651159258.742906, 106
1651159258.756744, 105
1651159258.772572, 104
1651159258.786258, 104
1651159258.801587, 105
1651159258.815423, 104
1651159258.829522, 104
1651159258.847895, 104
1651159258.862152, 105
1651159258.875819, 104
1651159258.889591, 103
1651159258.903289, 104
1651159258.917794, 105
1651159258.931491, 104
1651159258.947109, 102
1651159258.962726, 105
1651159258.977327, 105
1651159258.991042, 103
1651159259.005621, 103
1651159259.019318, 105
1651159259.033265, 104
1651159259.046627, 103
1651159259.061025, 103
1651159259.075836, 104
1651159259.089470, 105
1651159259.102672, 105
1651159259.115868, 103
1651159259.131507, 105
1651159259.146023, 105
1651159259.159892, 104
1651159259.176624, 105
1651159259.192197, 106
1651159259.206845, 105
1651159259.220999, 105
1651159259.234321, 105
1651159259.249335, 106
1651159259.263351, 104
1651159259.277744, 105
1651159259.299989, 105
1651159259.316507, 104
1651159259.332159, 104
1651159259.345824, 105
1651159259.359431, 104
1651159259.373080, 104
1651159259.386727, 105
1651159259.400429, 103
1651159259.415041, 104
1651159259.428472, 104
1651159259.441658, 106
1651159259.455272, 106
1651159259.469516, 106
1651159259.483213, 106
1651159259.497531, 105
1651159259.510536, 105
1651159259.523788, 107
1651159259.537456, 106
1651159259.551030, 105
1651159259.564811, 104
1651159259.579519, 106
1651159259.593073, 107
1651159259.606947, 105
1651159259.620471, 105
1651159259.634073, 105
1651159259.647643, 106
1651159259.661956, 107
1651159259.676024, 105
1651159259.690532, 105
1651159259.704436, 105
1651159259.719083, 105
1651159259.732294, 103
1651159259.747038, 106
1651159259.769348, 104
1651159259.783962, 104
1651159259.797643, 105
1651159259.812283, 106
1651159259.826958, 105
1651159259.840591, 105
1651159259.857213, 106
1651159259.871814, 106
1651159259.885503, 105
1651159259.900147, 106
1651159259.914794, 107
1651159259.928596, 105
1651159259.943018, 106
1651159259.957240, 105
1651159259.970987, 107
1651159259.985737, 105
1651159260.009527, 106
1651159260.025306, 105
1651159260.040261, 107
1651159260.055102, 108
1651159260.068776, 106
1651159260.082450, 107
1651159260.096763, 106
1651159260.110912, 106
1651159260.124809, 106
1651159260.138275, 107
1651159260.152865, 107
1651159260.171348, 106
1651159260.184497, 107
1651159260.198856, 107
1651159260.214373, 107
1651159260.228104, 106
1651159260.243520, 107
1651159260.266575, 108
1651159260.281741, 106
1651159260.295490, 108
1651159260.309339, 108
1651159260.327727, 107
1651159260.344527, 108
1651159260.359199, 108
1651159260.376392, 107
1651159260.391956, 106
1651159260.407872, 108
1651159260.423351, 108
1651159260.439371, 106
1651159260.475399, 104
1651159260.489419, 107
1651159260.503371, 106
1651159260.519247, 106
1651159260.533908, 107
1651159260.550004, 107
1651159260.565518, 106
1651159260.581148, 108
1651159260.595816, 108
1651159260.612446, 108
1651159260.626493, 108
1651159260.640994, 109
1651159260.655327, 108
1651159260.671027, 108
1651159260.684559, 107
1651159260.698487, 108
1651159260.714805, 108
1651159260.729503, 108
1651159260.745255, 109
1651159260.758983, 107
1651159260.772696, 108
1651159260.787119, 107
1651159260.800758, 109
1651159260.814448, 108
1651159260.829065, 108
1651159260.843872, 107
1651159260.858419, 107
1651159260.873039, 108
1651159260.886995, 106
1651159260.902275, 107
1651159260.917929, 106
1651159260.934189, 108
1651159260.950201, 108
1651159260.966750, 109
1651159260.982649, 108
1651159260.998988, 108
1651159261.014649, 108
1651159261.028302, 108
1651159261.042212, 108
1651159261.064422, 108
1651159261.080146, 107
1651159261.093879, 107
1651159261.107601, 109
1651159261.121089, 108
1651159261.135828, 107
1651159261.152704, 109
1651159261.166599, 109
1651159261.186970, 109
1651159261.200775, 109
1651159261.219496, 110
1651159261.234442, 108
1651159261.247813, 108
1651159261.262671, 108
1651159261.276725, 107
1651159261.290746, 109
1651159261.305155, 107
1651159261.319312, 108
1651159261.332966, 108
1651159261.347145, 108
1651159261.368027, 111
1651159261.383818, 109
1651159261.398452, 110
1651159261.412420, 108
1651159261.426572, 108
1651159261.440565, 110
1651159261.453745, 109
1651159261.467206, 110
1651159261.481212, 110
1651159261.495855, 110
1651159261.510333, 109
1651159261.524654, 109
1651159261.539813, 110
1651159261.553213, 109
1651159261.567489, 109
1651159261.582448, 109
1651159261.597458, 110
1651159261.612448, 110
1651159261.626675, 108
1651159261.640887, 107
1651159261.654574, 108
1651159261.669007, 109
1651159261.683415, 107
1651159261.697387, 109
1651159261.711764, 109
1651159261.726733, 109
1651159261.740616, 109
1651159261.754123, 111
1651159261.769131, 111
1651159261.784566, 111
1651159261.798486, 109
1651159261.813300, 110
1651159261.827072, 111
1651159261.840606, 110
1651159261.854403, 110
1651159261.867910, 110
1651159261.881561, 111
1651159261.895532, 110
1651159261.909623, 110
1651159261.923598, 111
1651159261.938402, 111
1651159261.952826, 109
1651159261.966279, 109
1651159261.980302, 111
1651159261.994655, 110
1651159262.008448, 109
1651159262.021924, 109
1651159262.035872, 109
1651159262.050456, 110
1651159262.064476, 109
1651159262.078156, 110
1651159262.092832, 109
1651159262.106810, 109
1651159262.127688, 108
1651159262.141789, 111
1651159262.155364, 109
1651159262.168915, 110
1651159262.183714, 110
1651159262.198204, 110
1651159262.212866, 110
1651159262.226630, 111
1651159262.240573, 109
1651159262.254679, 110
1651159262.269321, 110
1651159262.283953, 111
1651159262.297573, 111
1651159262.312437, 111
1651159262.325972, 111
1651159262.340128, 112
1651159262.353940, 111
1651159262.368954, 112
1651159262.382690, 110
1651159262.398116, 111
1651159262.411721, 109
1651159262.426063, 110
1651159262.440065, 110
1651159262.453882, 110
1651159262.468133, 109
1651159262.482297, 111
1651159262.496109, 110
1651159262.510546, 110
1651159262.527197, 111
1651159262.541685, 111
1651159262.555694, 112
1651159262.569554, 111
1651159262.583131, 112
1651159262.596785, 112
1651159262.610506, 111
1651159262.624897, 111
1651159262.647382, 111
1651159262.662821, 111
1651159262.679185, 111
1651159262.692234, 111
1651159262.706832, 111
1651159262.721385, 112
1651159262.736127, 112
1651159262.749844, 112
1651159262.764339, 112
1651159262.778141, 111
1651159262.791262, 110
1651159262.804277, 111
1651159262.819594, 111
1651159262.833661, 111
1651159262.848275, 111
1651159262.862922, 109
1651159262.876487, 112
1651159262.890901, 112
1651159262.904704, 111
1651159262.918744, 111
1651159262.932124, 112
1651159262.946865, 112
1651159262.960373, 111
1651159262.974202, 111
1651159262.987975, 111
1651159263.003100, 112
1651159263.017433, 111
1651159263.031728, 113
1651159263.045385, 112
1651159263.059992, 113
1651159263.073995, 112
1651159263.087321, 112
1651159263.100621, 112
1651159263.114033, 112
1651159263.128682, 112
1651159263.143310, 113
1651159263.157963, 112
1651159263.172645, 112
1651159263.189442, 112
1651159263.203898, 112
1651159263.217566, 111
1651159263.231560, 112
1651159263.245477, 111
1651159263.259391, 111
1651159263.274643, 111
1651159263.294163, 110
1651159263.310950, 113
1651159263.324347, 113
1651159263.342667, 114
1651159263.356570, 112
1651159263.371511, 112
1651159263.393822, 112
1651159263.409872, 113
1651159263.424464, 112
1651159263.438223, 114
1651159263.452357, 113
1651159263.466671, 113
1651159263.480566, 113
1651159263.494326, 113
1651159263.508155, 114
1651159263.522245, 113
1651159263.536992, 113
1651159263.550792, 113
1651159263.563872, 113
1651159263.579002, 111
1651159263.592804, 112
1651159263.606697, 113
1651159263.620284, 112
1651159263.634648, 112
1651159263.648572, 111
1651159263.662870, 112
1651159263.676265, 113
1651159263.690144, 112
1651159263.703786, 114
1651159263.717311, 113
1651159263.730518, 114
1651159263.744608, 112
1651159263.758726, 114
1651159263.772724, 113
1651159263.786870, 113
1651159263.800353, 114
1651159263.814654, 114
1651159263.828897, 113
1651159263.843383, 113
1651159263.856898, 115
1651159263.878443, 114
1651159263.893213, 113
1651159263.907547, 113
1651159263.921123, 114
1651159263.934864, 114
1651159263.947847, 114
1651159263.960971, 113
1651159263.974614, 113
1651159263.987988, 112
1651159264.002138, 113
1651159264.015749, 113
1651159264.030676, 114
1651159264.044463, 113
1651159264.059105, 114
1651159264.072738, 113
1651159264.086457, 114
1651159264.100622, 114
1651159264.114302, 115
1651159264.128384, 114
1651159264.143011, 114
1651159264.156643, 115
1651159264.170528, 114
1651159264.184820, 115
1651159264.198888, 115
1651159264.213464, 114
1651159264.227229, 114
1651159264.241363, 114
1651159264.255190, 114
1651159264.269699, 114
1651159264.283395, 115
1651159264.297505, 114
1651159264.311569, 115
1651159264.325070, 114
1651159264.338632, 114
1651159264.352254, 113
1651159264.365833, 113
1651159264.378647, 114
1651159264.392060, 114
1651159264.406525, 114
1651159264.419905, 113
1651159264.432852, 113
1651159264.446836, 114
1651159264.461407, 115
1651159264.476233, 114
1651159264.491841, 114
1651159264.505526, 114
1651159264.520214, 115
1651159264.535235, 115
1651159264.549666, 114
1651159264.564288, 113
1651159264.579209, 114
1651159264.593719, 114
1651159264.606841, 114
1651159264.620180, 116
1651159264.634866, 115
1651159264.651507, 115
1651159264.668964, 116
1651159264.682747, 115
1651159264.699908, 113
1651159264.713628, 115
1651159264.727804, 116
1651159264.742907, 114
1651159264.756588, 113
1651159264.772271, 114
1651159264.786194, 115
1651159264.799435, 113
1651159264.813905, 114
1651159264.829521, 114
1651159264.843211, 114
1651159264.858048, 114
1651159264.872256, 115
1651159264.888844, 115
1651159264.903369, 115
1651159264.917645, 116
1651159264.931422, 115
1651159264.946173, 114
1651159264.960837, 115
1651159264.974251, 115
1651159264.988820, 115
1651159265.002995, 116
1651159265.016720, 115
1651159265.030321, 116
1651159265.043753, 115
1651159265.057793, 116
1651159265.071819, 116
1651159265.085466, 116
1651159265.099133, 115
1651159265.114720, 116
1651159265.128252, 115
1651159265.142525, 117
1651159265.156899, 114
1651159265.170313, 115
1651159265.183541, 116
1651159265.196529, 115
1651159265.210896, 116
1651159265.224096, 116
1651159265.238607, 115
1651159265.253203, 115
1651159265.267126, 115
1651159265.280537, 116
1651159265.294149, 117
1651159265.307886, 116
1651159265.322655, 116
1651159265.335966, 115
1651159265.349831, 117
1651159265.364034, 116
1651159265.377792, 116
1651159265.390940, 116
1651159265.404559, 115
1651159265.418038, 116
1651159265.432506, 116
1651159265.446790, 116
1651159265.463171, 117
1651159265.476829, 118
1651159265.489990, 117
1651159265.503330, 116
1651159265.516895, 116
1651159265.531962, 116
1651159265.547182, 116
1651159265.562745, 115
1651159265.576058, 117
1651159265.590836, 117
1651159265.604590, 116
1651159265.619061, 115
1651159265.632409, 117
1651159265.646178, 116
1651159265.659997, 115
1651159265.673572, 116
1651159265.688190, 118
1651159265.701892, 116
1651159265.715327, 117
1651159265.729235, 116
1651159265.742931, 118
1651159265.757511, 117
1651159265.771243, 117
1651159265.784853, 118
1651159265.798637, 117
1651159265.812170, 117
1651159265.825802, 117
1651159265.839436, 118
1651159265.853131, 117
1651159265.867599, 117
1651159265.881309, 117
1651159265.895098, 117
1651159265.908847, 117
1651159265.923326, 117
1651159265.937077, 117
1651159265.951967, 116
1651159265.966841, 116
1651159265.980586, 115
1651159265.994322, 116
1651159266.007451, 117
1651159266.020932, 116
1651159266.035901, 117
1651159266.050270, 117
1651159266.063942, 116
1651159266.077499, 118
1651159266.091158, 118
1651159266.104517, 117
1651159266.123258, 118
1651159266.137137, 118
1651159266.151935, 118
1651159266.166047, 118
1651159266.180435, 119
1651159266.194276, 117
1651159266.208975, 117
1651159266.223665, 117
1651159266.238778, 118
1651159266.252850, 118
1651159266.266684, 117
1651159266.280741, 118
1651159266.294517, 117
1651159266.308151, 118
1651159266.321798, 118
1651159266.337453, 117
1651159266.352033, 117
1651159266.365662, 117
1651159266.379292, 117
1651159266.393018, 117
1651159266.406604, 117
1651159266.420268, 117
1651159266.434756, 117
1651159266.449241, 117
1651159266.464081, 117
1651159266.479188, 117
1651159266.493183, 118
1651159266.508773, 119
1651159266.522553, 118
1651159266.536910, 118
1651159266.551751, 118
1651159266.565312, 119
1651159266.578993, 118
1651159266.592324, 118
1651159266.605962, 118
1651159266.619769, 119
1651159266.633713, 117
1651159266.648341, 118
1651159266.661747, 119
1651159266.675370, 119
1651159266.689107, 119
1651159266.703900, 118
1651159266.718501, 120
1651159266.732308, 119
1651159266.746102, 119
1651159266.761349, 117
1651159266.775630, 116
1651159266.790269, 117
1651159266.803748, 117
1651159266.817964, 117
1651159266.831312, 116
1651159266.844388, 116
1651159266.857636, 117
1651159266.872503, 118
1651159266.887873, 118
1651159266.902718, 119
1651159266.917134, 118
1651159266.930697, 119
1651159266.944467, 118
1651159266.961325, 117
1651159266.975445, 118
1651159266.989995, 120
1651159267.003617, 120
1651159267.018449, 119
1651159267.034039, 119
1651159267.048591, 119
1651159267.062075, 119
1651159267.075878, 119
1651159267.090916, 119
1651159267.104653, 119
1651159267.118327, 120
1651159267.132354, 118
1651159267.146704, 119
1651159267.161824, 118
1651159267.175454, 118
1651159267.189904, 118
1651159267.203716, 118
1651159267.217266, 119
1651159267.232502, 118
1651159267.245639, 118
1651159267.259256, 117
1651159267.273064, 119
1651159267.286501, 120
1651159267.301138, 119
1651159267.315275, 119
1651159267.330464, 120
1651159267.344648, 119
1651159267.358285, 120
1651159267.373849, 119
1651159267.387637, 118
1651159267.401300, 120
1651159267.415255, 118
1651159267.429124, 119
1651159267.442750, 120
1651159267.456760, 121
1651159267.472067, 118
1651159267.486080, 119
1651159267.499794, 120
1651159267.514378, 120
1651159267.528205, 119
1651159267.542235, 120
1651159267.556048, 121
1651159267.569545, 119
1651159267.583140, 119
1651159267.597872, 119
1651159267.612277, 119
1651159267.627155, 118
1651159267.640877, 120
1651159267.654229, 119
1651159267.667118, 119
1651159267.679945, 119
1651159267.694690, 120
1651159267.708946, 120
1651159267.723511, 120
1651159267.738890, 120
1651159267.752689, 121
1651159267.766610, 120
1651159267.781073, 120
1651159267.794745, 119
1651159267.809151, 120
1651159267.823064, 120
1651159267.837455, 120
1651159267.851015, 120
1651159267.865174, 121
1651159267.879365, 122
1651159267.893998, 120
1651159267.908133, 121
1651159267.922901, 121
1651159267.938296, 121
1651159267.952388, 121
1651159267.967898, 121
1651159267.982364, 119
1651159267.995885, 121
1651159268.008944, 120
1651159268.022191, 119
1651159268.035163, 118
1651159268.049547, 120
1651159268.066670, 120
1651159268.080272, 119
1651159268.094998, 120
1651159268.108620, 121
1651159268.123288, 122
1651159268.136930, 121
1651159268.150519, 120
1651159268.164988, 121
1651159268.178925, 121
1651159268.192625, 121
1651159268.207135, 121
1651159268.221880, 121
1651159268.235372, 122
1651159268.250320, 121
1651159268.264162, 121
1651159268.277733, 121
1651159268.292378, 121
1651159268.306922, 121
1651159268.320250, 121
1651159268.333936, 121
1651159268.347927, 121
1651159268.362201, 121
1651159268.375301, 121
1651159268.389070, 120
1651159268.402658, 119
1651159268.419074, 120
1651159268.434826, 120
1651159268.448908, 120
1651159268.465148, 121
1651159268.478719, 120
1651159268.492330, 121
1651159268.506871, 122
1651159268.520136, 121
1651159268.535825, 122
1651159268.551468, 123
1651159268.566193, 123
1651159268.580609, 121
1651159268.596146, 122
1651159268.611503, 122
1651159268.625028, 122
1651159268.638663, 121
1651159268.652017, 121
1651159268.666938, 121
1651159268.681636, 121
1651159268.695294, 122
1651159268.709743, 121
1651159268.723727, 122
1651159268.736889, 122
1651159268.750540, 121
1651159268.764652, 121
1651159268.779213, 122
1651159268.793726, 121
1651159268.808231, 120
1651159268.821970, 121
1651159268.835766, 121
1651159268.851486, 120
1651159268.865249, 122
1651159268.879528, 121
1651159268.893586, 121
1651159268.908049, 122
1651159268.921889, 123
1651159268.936132, 122
1651159268.950181, 123
1651159268.964008, 121
1651159268.978984, 122
1651159268.993218, 123
1651159269.010647, 122
1651159269.025513, 122
1651159269.038662, 122
1651159269.054579, 122
1651159269.068488, 122
1651159269.083072, 123
1651159269.096801, 123
1651159269.114063, 124
1651159269.128374, 123
1651159269.142421, 122
1651159269.156099, 122
1651159269.172669, 123
1651159269.186624, 122
1651159269.200218, 122
1651159269.214656, 121
1651159269.229318, 122
1651159269.242852, 122
1651159269.256684, 121
1651159269.271090, 121
1651159269.284540, 122
1651159269.298476, 122
1651159269.312057, 121
1651159269.326015, 121
1651159269.339799, 123
1651159269.353914, 123
1651159269.368911, 122
1651159269.383016, 123
1651159269.397590, 123
1651159269.412205, 123
1651159269.426871, 123
1651159269.442884, 123
1651159269.456994, 124
1651159269.471105, 122
1651159269.485244, 123
1651159269.498909, 124
1651159269.513434, 123
1651159269.527486, 123
1651159269.541631, 123
1651159269.555160, 123
1651159269.569496, 123
1651159269.583103, 122
1651159269.598199, 123
1651159269.613595, 124
1651159269.628067, 124
1651159269.641801, 122
1651159269.656018, 123
1651159269.669699, 121
1651159269.682870, 122
1651159269.696995, 122
1651159269.711203, 123
1651159269.725110, 122
1651159269.738906, 123
1651159269.753522, 121
1651159269.767055, 124
1651159269.781462, 123
1651159269.795009, 124
1651159269.809057, 124
1651159269.823880, 123
1651159269.837489, 123
1651159269.851112, 125
1651159269.864500, 124
1651159269.878351, 123
1651159269.892052, 123
1651159269.905896, 125
1651159269.919501, 124
1651159269.934151, 124
1651159269.948733, 124
1651159269.964965, 124
1651159269.978920, 124
1651159269.992516, 123
1651159270.006234, 124
1651159270.022597, 124
1651159270.039043, 124
1651159270.052138, 124
1651159270.066743, 123
1651159270.080361, 123
1651159270.096796, 122
1651159270.109974, 123
1651159270.123978, 124
1651159270.138661, 123
1651159270.152184, 123
1651159270.166891, 123
1651159270.180636, 123
1651159270.195119, 124
1651159270.208961, 123
1651159270.223585, 124
1651159270.237279, 123
1651159270.252800, 124
1651159270.266378, 124
1651159270.280577, 124
1651159270.294793, 124
1651159270.308896, 124
1651159270.321997, 124
1651159270.336153, 125
1651159270.350690, 125
1651159270.364962, 125
1651159270.378744, 125
1651159270.392331, 124
1651159270.406387, 126
1651159270.420576, 125
1651159270.434785, 124
1651159270.448841, 124
1651159270.465738, 126
1651159270.480773, 124
1651159270.495809, 124
1651159270.510970, 125
1651159270.524992, 124
1651159270.540832, 123
1651159270.554443, 122
1651159270.568534, 125
1651159270.582970, 124
1651159270.597611, 124
1651159270.611388, 123
1651159270.625078, 126
1651159270.638598, 125
1651159270.652167, 125
1651159270.667006, 125
1651159270.680656, 124
1651159270.695551, 124
1651159270.709984, 125
1651159270.723519, 126
1651159270.738309, 125
1651159270.751933, 124
1651159270.767588, 124
1651159270.781134, 125
1651159270.794911, 125
1651159270.808474, 125
1651159270.822063, 125
1651159270.836853, 124
1651159270.850948, 125
1651159270.864342, 126
1651159270.879055, 124
1651159270.893899, 125
1651159270.909094, 124
1651159270.924802, 124
1651159270.938647, 124
1651159270.952123, 125
1651159270.967681, 123
1651159270.981718, 124
1651159270.996207, 124
1651159271.012161, 122
1651159271.027523, 126
1651159271.041261, 125
1651159271.055093, 125
1651159271.070222, 125
1651159271.084245, 125
1651159271.098762, 126
1651159271.114915, 126
1651159271.129144, 124
1651159271.142885, 126
1651159271.156303, 125
1651159271.178541, 127
1651159271.192610, 124
1651159271.206456, 126
1651159271.220215, 125
1651159271.236753, 126
1651159271.250255, 125
1651159271.267594, 126
1651159271.281300, 126
1651159271.295285, 125
1651159271.309733, 124
1651159271.323568, 126
1651159271.337220, 126
1651159271.351533, 124
1651159271.366375, 124
1651159271.382013, 125
1651159271.398352, 125
1651159271.411970, 125
1651159271.426065, 124
1651159271.440130, 125
1651159271.453944, 125
1651159271.467447, 125
1651159271.485386, 127
1651159271.499631, 126
1651159271.513481, 125
1651159271.527583, 125
1651159271.541724, 125
1651159271.555437, 126
1651159271.569123, 125
1651159271.583616, 126
1651159271.597678, 127
1651159271.611823, 127
1651159271.625829, 125
1651159271.639672, 127
1651159271.653676, 126
1651159271.668626, 128
1651159271.682246, 127
1651159271.696052, 126
1651159271.710209, 127
1651159271.723970, 128
1651159271.737698, 127
1651159271.751679, 127
1651159271.765315, 127
1651159271.780023, 126
1651159271.795035, 126
1651159271.808452, 125
1651159271.822762, 126
1651159271.837205, 126
1651159271.850997, 125
1651159271.864013, 127
1651159271.877026, 125
1651159271.891172, 126
1651159271.906653, 127
1651159271.921567, 128
1651159271.935679, 128
1651159271.950567, 126
1651159271.965260, 126
1651159271.987176, 128
1651159272.002646, 127
1651159272.017049, 127
1651159272.038725, 128
1651159272.054086, 128
1651159272.068689, 127
1651159272.082593, 128
1651159272.097251, 128
1651159272.111043, 128
1651159272.125535, 128
1651159272.139415, 127
1651159272.152832, 127
1651159272.168558, 127
1651159272.181526, 128
1651159272.196037, 127
1651159272.209549, 126
1651159272.224235, 126
1651159272.238347, 127
1651159272.253000, 127
1651159272.266700, 126
1651159272.281314, 126
1651159272.295752, 126
1651159272.309505, 128
1651159272.323483, 128
1651159272.337105, 127
1651159272.350672, 128
1651159272.364979, 129
1651159272.379066, 128
1651159272.392645, 127
1651159272.405988, 128
1651159272.420678, 127
1651159272.435031, 127
1651159272.450843, 127
1651159272.464395, 129
1651159272.478235, 129
1651159272.493660, 128
1651159272.507876, 127
1651159272.522218, 128
1651159272.536763, 128
1651159272.551383, 128
1651159272.565313, 126
1651159272.579090, 128
1651159272.592682, 128
1651159272.606313, 128
1651159272.619692, 128
1651159272.633348, 128
1651159272.646326, 127
1651159272.660290, 127
1651159272.674213, 129
1651159272.687793, 127
1651159272.702978, 127
1651159272.716671, 127
1651159272.730631, 127
1651159272.745234, 128
1651159272.758970, 129
1651159272.772776, 129
1651159272.786220, 130
1651159272.800005, 130
1651159272.813807, 129
1651159272.827392, 129
1651159272.841487, 129
1651159272.855468, 131
1651159272.869995, 131
1651159272.883747, 130
1651159272.898088, 129
1651159272.912128, 130
1651159272.925688, 129
1651159272.939397, 130
1651159272.953012, 129
1651159272.966477, 131
1651159272.979408, 131
1651159272.992970, 130
1651159273.006776, 130
1651159273.020896, 130
1651159273.034184, 129
1651159273.047338, 129
1651159273.060689, 128
1651159273.075093, 128
1651159273.088636, 127
1651159273.103080, 128
1651159273.117867, 129
1651159273.131905, 127
1651159273.145304, 129
1651159273.159694, 129
1651159273.173267, 129
1651159273.187870, 129
1651159273.201495, 127
1651159273.217134, 129
1651159273.230781, 129
1651159273.245384, 129
1651159273.259175, 130
1651159273.273791, 128
1651159273.287424, 130
1651159273.301622, 130
1651159273.315687, 129
1651159273.329501, 129
1651159273.343053, 129
1651159273.356663, 129
1651159273.370027, 129
1651159273.391838, 129
1651159273.407498, 129
1651159273.421098, 129
1651159273.434747, 129
1651159273.448763, 129
1651159273.462801, 128
1651159273.476085, 127
1651159273.489466, 128
1651159273.506125, 128
1651159273.520394, 129
1651159273.533894, 129
1651159273.548408, 127
1651159273.561932, 128
1651159273.577582, 129
1651159273.591245, 131
1651159273.605926, 130
1651159273.620270, 130
1651159273.646205, 129
1651159273.661628, 130
1651159273.675920, 130
1651159273.690570, 130
1651159273.704928, 130
1651159273.719147, 130
1651159273.733023, 129
1651159273.747087, 130
1651159273.761608, 130
1651159273.775420, 129
1651159273.788941, 131
1651159273.803161, 131
1651159273.817161, 130
1651159273.831106, 129
1651159273.844626, 130
1651159273.859216, 130
1651159273.872878, 130
1651159273.886605, 129
1651159273.901151, 130
1651159273.914411, 129
1651159273.928018, 129
1651159273.942212, 129
1651159273.955815, 129
1651159273.970252, 130
1651159273.983535, 129
1651159273.997559, 129
1651159274.011221, 130
1651159274.026852, 130
1651159274.042728, 129
1651159274.057098, 130
1651159274.071789, 129
1651159274.086279, 131
1651159274.100863, 130
1651159274.114309, 130
1651159274.129302, 130
1651159274.142850, 130
1651159274.157535, 130
1651159274.171337, 131
1651159274.188222, 129
1651159274.202039, 129
1651159274.215410, 130
1651159274.229292, 131
1651159274.243028, 130
1651159274.256127, 131
1651159274.269922, 131
1651159274.283788, 131
1651159274.298262, 131
1651159274.311958, 132
1651159274.325487, 130
1651159274.339194, 130
1651159274.352799, 130
1651159274.367448, 131
1651159274.380545, 130
1651159274.394959, 130
1651159274.408474, 131
1651159274.422789, 130
1651159274.436170, 130
1651159274.450737, 132
1651159274.464350, 131
1651159274.478869, 132
1651159274.492669, 131
1651159274.506446, 132
1651159274.519851, 132
1651159274.533721, 131
1651159274.550551, 132
1651159274.564377, 131
1651159274.579593, 131
1651159274.593749, 130
1651159274.607320, 132
1651159274.622687, 131
1651159274.636600, 131
1651159274.651898, 131
1651159274.666836, 131
1651159274.680142, 132
1651159274.694787, 133
1651159274.708356, 132
1651159274.723118, 131
1651159274.738266, 131
1651159274.751807, 132
1651159274.765358, 130
1651159274.780695, 130
1651159274.794866, 130
1651159274.808070, 131
1651159274.821684, 130
1651159274.834992, 130
1651159274.849307, 130
1651159274.863110, 130
1651159274.877587, 131
1651159274.892343, 131
1651159274.906953, 132
1651159274.920608, 131
1651159274.935300, 131
1651159274.949205, 133
1651159274.963363, 133
1651159274.977249, 131
1651159274.990743, 131
1651159275.004602, 131
1651159275.019093, 131
1651159275.032738, 131
1651159275.046530, 133
1651159275.059858, 132
1651159275.073966, 131
1651159275.087421, 131
1651159275.101193, 131
1651159275.114575, 132
1651159275.128559, 133
1651159275.141717, 133
1651159275.155456, 132
1651159275.171000, 132
1651159275.184823, 132
1651159275.199359, 131
1651159275.213067, 130
1651159275.226673, 131
1651159275.240358, 132
1651159275.254320, 131
1651159275.268315, 132
1651159275.282056, 132
1651159275.295577, 130
1651159275.309290, 131
1651159275.322778, 133
1651159275.336357, 132
1651159275.349916, 133
1651159275.363361, 132
1651159275.377431, 133
1651159275.391034, 132
1651159275.404873, 131
1651159275.419556, 132
1651159275.432958, 133
1651159275.446493, 133
1651159275.460206, 134
1651159275.474178, 134
1651159275.487798, 133
1651159275.501622, 132
1651159275.515203, 132
1651159275.530626, 133
1651159275.545576, 133
1651159275.559098, 132
1651159275.572595, 134
1651159275.586220, 133
1651159275.599446, 132
1651159275.614604, 133
1651159275.628567, 132
1651159275.643152, 133
1651159275.657636, 132
1651159275.672520, 132
1651159275.686889, 132
1651159275.700522, 132
1651159275.714157, 132
1651159275.729724, 132
1651159275.744332, 133
1651159275.758370, 134
1651159275.774647, 132
1651159275.788257, 132
1651159275.801470, 133
1651159275.815162, 132
1651159275.829335, 132
1651159275.846931, 133
1651159275.861104, 134
1651159275.877736, 133
1651159275.893122, 132
1651159275.907015, 133
1651159275.920921, 133
1651159275.936390, 132
1651159275.950038, 133
1651159275.963704, 134
1651159275.977332, 134
1651159275.991843, 134
1651159276.006394, 133
1651159276.020209, 133
1651159276.033909, 133
1651159276.048009, 133
1651159276.060989, 133
1651159276.074654, 133
1651159276.088137, 133
1651159276.101838, 132
1651159276.115394, 132
1651159276.129323, 132
1651159276.143030, 133
1651159276.156686, 132
1651159276.170376, 132
1651159276.183994, 132
1651159276.197718, 134
1651159276.211818, 133
1651159276.226401, 133
1651159276.241085, 133
1651159276.254620, 134
1651159276.268310, 134
1651159276.282092, 134
1651159276.296878, 133
1651159276.311476, 133
1651159276.325157, 133
1651159276.338591, 134
1651159276.352272, 133
1651159276.365990, 135
1651159276.379694, 134
1651159276.393669, 134
1651159276.408405, 134
1651159276.425084, 133
1651159276.439403, 133
1651159276.452885, 134
1651159276.467087, 134
1651159276.483212, 134
1651159276.499366, 134
1651159276.514445, 135
1651159276.528103, 133
1651159276.541798, 133
1651159276.555028, 132
1651159276.568494, 134
1651159276.584151, 133
1651159276.598456, 133
1651159276.612464, 134
1651159276.626069, 133
1651159276.639855, 134
1651159276.654134, 134
1651159276.676619, 134
1651159276.691204, 134
1651159276.705758, 134
1651159276.719453, 135
1651159276.734093, 135
1651159276.747841, 134
1651159276.761934, 135
1651159276.775080, 136
1651159276.788737, 134
1651159276.802648, 134
1651159276.816030, 135
1651159276.829719, 134
1651159276.844340, 134
1651159276.858158, 135
1651159276.871927, 134
1651159276.885756, 135
1651159276.899086, 133
1651159276.913641, 133
1651159276.927614, 134
1651159276.941961, 135
1651159276.958645, 136
1651159276.972305, 135
1651159276.985921, 133
1651159276.999556, 134
1651159277.015158, 134
1651159277.028910, 134
1651159277.042526, 133
1651159277.056034, 134
1651159277.070824, 134
1651159277.084613, 135
1651159277.099299, 136
1651159277.112742, 134
1651159277.128179, 134
1651159277.142807, 134
1651159277.155677, 135
1651159277.171479, 135
1651159277.184831, 134
1651159277.198702, 135
1651159277.213070, 135
1651159277.227201, 135
1651159277.241538, 134
1651159277.255340, 135
1651159277.271412, 135
1651159277.286378, 135
1651159277.303110, 135
1651159277.317625, 135
1651159277.330977, 137
1651159277.346512, 135
1651159277.360100, 135
1651159277.375953, 134
1651159277.389361, 134
1651159277.403237, 136
1651159277.417926, 135
1651159277.431746, 133
1651159277.445869, 134
1651159277.461950, 135
1651159277.476961, 135
1651159277.491740, 135
1651159277.505119, 133
1651159277.518779, 134
1651159277.534555, 134
1651159277.548638, 136
1651159277.563247, 135
1651159277.576980, 135
1651159277.593630, 135
1651159277.611089, 136
1651159277.624679, 135
1651159277.639491, 136
1651159277.654159, 135
1651159277.667227, 137
1651159277.682822, 136
1651159277.696409, 136
1651159277.710840, 137
1651159277.724744, 136
1651159277.738443, 136
1651159277.752202, 136
1651159277.766697, 136
1651159277.780931, 136
1651159277.795114, 136
1651159277.809622, 136
1651159277.823416, 135
1651159277.837439, 137
1651159277.850822, 136
1651159277.864479, 137
1651159277.878072, 134
1651159277.891506, 135
1651159277.905369, 136
1651159277.919080, 136
1651159277.932720, 135
1651159277.946961, 135
1651159277.960904, 135
1651159277.985382, 136
1651159278.000996, 137
1651159278.014672, 136
1651159278.028236, 137
1651159278.041966, 136
1651159278.055643, 137
1651159278.069254, 136
1651159278.082944, 137
1651159278.099368, 137
1651159278.112827, 137
1651159278.125857, 137
1651159278.139518, 137
1651159278.154045, 137
1651159278.167702, 136
1651159278.181078, 136
1651159278.194130, 137
1651159278.207511, 137
1651159278.220587, 136
1651159278.235259, 137
1651159278.249137, 137
1651159278.262688, 136
1651159278.275989, 137
1651159278.295783, 137
1651159278.309394, 136
1651159278.323152, 136
1651159278.336840, 135
1651159278.350179, 137
1651159278.363803, 137
1651159278.378268, 135
1651159278.393883, 136
1651159278.407817, 136
1651159278.423118, 137
1651159278.436976, 137
1651159278.450588, 135
1651159278.464738, 138
1651159278.479556, 137
1651159278.493259, 138
1651159278.507378, 136
1651159278.521637, 137
1651159278.535817, 137
1651159278.549438, 137
1651159278.562563, 136
1651159278.576210, 138
1651159278.589603, 138
1651159278.603177, 137
1651159278.617101, 137
1651159278.639677, 137
1651159278.654413, 138
1651159278.668195, 137
1651159278.681978, 138
1651159278.696552, 137
1651159278.712249, 138
1651159278.727526, 137
1651159278.741035, 138
1651159278.756211, 136
1651159278.770708, 136
1651159278.784393, 137
1651159278.798661, 137
1651159278.811760, 136
1651159278.827311, 136
1651159278.840976, 137
1651159278.857125, 137
1651159278.870682, 136
1651159278.884312, 137
1651159278.897626, 138
1651159278.910886, 138
1651159278.925322, 137
1651159278.938989, 137
1651159278.954603, 138
1651159278.969224, 137
1651159278.983242, 138
1651159278.997733, 138
1651159279.012142, 138
1651159279.025513, 138
1651159279.039473, 137
1651159279.053932, 138
1651159279.067820, 138
1651159279.082464, 137
1651159279.096100, 138
1651159279.110848, 138
1651159279.125375, 138
1651159279.139746, 138
1651159279.153731, 138
1651159279.167377, 138
1651159279.181047, 137
1651159279.194716, 138
1651159279.208366, 138
1651159279.221966, 136
1651159279.235250, 138
1651159279.248435, 137
1651159279.263040, 137
1651159279.276565, 137
1651159279.290885, 137
1651159279.304245, 138
1651159279.318672, 138
1651159279.332153, 137
1651159279.345964, 138
1651159279.359675, 138
1651159279.374282, 137
1651159279.388420, 138
1651159279.403072, 139
1651159279.416317, 138
1651159279.430059, 139
1651159279.443262, 138
1651159279.456177, 139
1651159279.472475, 138
1651159279.486216, 138
1651159279.500921, 138
1651159279.515381, 138
1651159279.529482, 138
1651159279.543571, 138
1651159279.557243, 139
1651159279.571043, 138
1651159279.584558, 138
1651159279.599203, 138
1651159279.612830, 139
1651159279.627149, 138
1651159279.640392, 138
1651159279.653875, 138
1651159279.667469, 138
1651159279.681118, 138
1651159279.694883, 138
1651159279.709048, 138
1651159279.723077, 138
1651159279.737731, 139
1651159279.751526, 138
1651159279.766012, 138
1651159279.779627, 138
1651159279.793313, 139
1651159279.806916, 140
1651159279.820584, 140
1651159279.834311, 139
1651159279.849155, 140
1651159279.862648, 138
1651159279.876344, 139
1651159279.891014, 139
1651159279.904580, 140
1651159279.920227, 140
1651159279.934966, 141
1651159279.949084, 140
1651159279.962796, 141
1651159279.976048, 141
1651159279.991219, 141
1651159280.004624, 139
1651159280.018041, 138
1651159280.031393, 141
1651159280.045437, 141
1651159280.058994, 141
1651159280.072994, 141
1651159280.086665, 140
1651159280.100823, 141
1651159280.115557, 141
1651159280.129118, 139
1651159280.143532, 140
1651159280.158857, 139
1651159280.173420, 139
1651159280.187039, 139
1651159280.201716, 139
1651159280.215356, 139
1651159280.229840, 140
1651159280.243694, 140
1651159280.258380, 140
1651159280.271585, 139
1651159280.285216, 140
1651159280.298549, 139
1651159280.312132, 140
1651159280.325807, 139
1651159280.340339, 140
1651159280.354337, 139
1651159280.367792, 139
1651159280.381826, 139
1651159280.395770, 140
1651159280.409888, 140
1651159280.423274, 140
1651159280.437534, 141
1651159280.451078, 139
1651159280.464532, 140
1651159280.478158, 141
1651159280.491777, 141
1651159280.505057, 140
1651159280.518648, 140
1651159280.532565, 141
1651159280.546132, 141
1651159280.560740, 140
1651159280.574930, 140
1651159280.587827, 140
1651159280.600947, 140
1651159280.614243, 138
1651159280.627311, 140
1651159280.640845, 140
1651159280.655338, 139
1651159280.668691, 138
1651159280.682602, 139
1651159280.695566, 140
1651159280.709345, 140
1651159280.723083, 140
1651159280.736851, 141
1651159280.751047, 141
1651159280.765476, 142
1651159280.779337, 141
1651159280.792777, 140
1651159280.807314, 141
1651159280.820767, 141
1651159280.842677, 140
1651159280.856026, 140
1651159280.869039, 140
1651159280.882073, 141
1651159280.896452, 139
1651159280.910687, 140
1651159280.924531, 140
1651159280.937965, 140
1651159280.951540, 141
1651159280.966385, 140
1651159280.980441, 140
1651159280.994783, 142
1651159281.008463, 140
1651159281.023010, 140
1651159281.035972, 139
1651159281.049808, 140
1651159281.063462, 139
1651159281.077970, 139
1651159281.091660, 139
1651159281.106430, 140
1651159281.120714, 141
1651159281.134748, 140
1651159281.148378, 142
1651159281.164077, 141
1651159281.178787, 141
1651159281.193271, 142
1651159281.207871, 140
1651159281.223496, 141
1651159281.237081, 141
1651159281.250802, 140
1651159281.267035, 141
1651159281.280608, 140
1651159281.294312, 141
1651159281.309348, 141
1651159281.327044, 141
1651159281.340479, 141
1651159281.354337, 141
1651159281.368126, 141
1651159281.383049, 142
1651159281.396285, 141
1651159281.410486, 141
1651159281.424522, 142
1651159281.438913, 142
1651159281.452833, 141
1651159281.467183, 142
1651159281.480895, 140
1651159281.495648, 141
1651159281.510502, 141
1651159281.524456, 140
1651159281.539569, 141
1651159281.553958, 140
1651159281.568866, 140
1651159281.582517, 140
1651159281.597909, 140
1651159281.612124, 141
1651159281.626600, 141
1651159281.640254, 142
1651159281.653711, 140
1651159281.667180, 142
1651159281.680913, 142
1651159281.693898, 141
1651159281.707361, 141
1651159281.721249, 142
1651159281.734913, 141
1651159281.748167, 141
1651159281.761628, 142
1651159281.774729, 141
1651159281.788888, 142
1651159281.802592, 142
1651159281.817136, 142
1651159281.830857, 143
1651159281.844524, 142
1651159281.859074, 142
1651159281.873217, 142
1651159281.886802, 143
1651159281.900386, 142
1651159281.914051, 142
1651159281.927716, 142
1651159281.941457, 143
1651159281.955103, 142
1651159281.968208, 141
1651159281.982342, 142
1651159281.996995, 141
1651159282.011632, 141
1651159282.025326, 141
1651159282.038297, 141
1651159282.051232, 141
1651159282.064551, 140
1651159282.079401, 142
1651159282.093191, 143
1651159282.106656, 143
1651159282.120141, 141
1651159282.134106, 142
1651159282.147769, 143
1651159282.161489, 142
1651159282.175947, 142
1651159282.189617, 142
1651159282.203955, 142
1651159282.217645, 143
1651159282.231406, 142
1651159282.245095, 142
1651159282.258651, 143
1651159282.272454, 142
1651159282.286999, 143
1651159282.300558, 142
1651159282.315204, 142
1651159282.328873, 143
1651159282.341817, 142
1651159282.355046, 142
1651159282.369018, 142
1651159282.382743, 142
1651159282.396410, 143
1651159282.411151, 142
1651159282.424865, 141
1651159282.439226, 143
1651159282.452899, 141
1651159282.467253, 141
1651159282.481171, 141
1651159282.496389, 142
1651159282.511358, 141
1651159282.525390, 142
1651159282.539517, 144
1651159282.552987, 143
1651159282.567001, 143
1651159282.580415, 144
1651159282.596164, 144
1651159282.610288, 142
1651159282.624122, 143
1651159282.638740, 144
1651159282.654408, 144
1651159282.670396, 144
1651159282.684621, 143
1651159282.699258, 143
1651159282.713927, 144
1651159282.728573, 143
1651159282.742197, 142
1651159282.756899, 143
1651159282.770630, 142
1651159282.783549, 142
1651159282.797395, 142
1651159282.811930, 143
1651159282.826082, 142
1651159282.839678, 142
1651159282.854970, 143
1651159282.868647, 143
1651159282.882735, 143
1651159282.899135, 141
1651159282.913761, 142
1651159282.927311, 142
1651159282.940334, 143
1651159282.953876, 143
1651159282.967679, 143
1651159282.981669, 143
1651159282.995862, 143
1651159283.010775, 141
1651159283.026123, 143
1651159283.039757, 142
1651159283.053840, 143
1651159283.067467, 144
1651159283.082060, 144
1651159283.096086, 144
1651159283.111080, 144
1651159283.125473, 144
1651159283.139223, 143
1651159283.153903, 142
1651159283.167435, 145
1651159283.181114, 144
1651159283.195773, 143
1651159283.210405, 144
1651159283.225113, 143
1651159283.240659, 144
1651159283.255288, 144
1651159283.269137, 142
1651159283.282834, 145
1651159283.296117, 143
1651159283.309498, 145
1651159283.323969, 144
1651159283.337876, 145
1651159283.351639, 144
1651159283.365233, 144
1651159283.378813, 144
1651159283.391847, 142
1651159283.405294, 142
1651159283.419073, 144
1651159283.432620, 142
1651159283.446733, 144
1651159283.460906, 142
1651159283.474982, 143
1651159283.490658, 144
1651159283.504300, 145
1651159283.518461, 144
1651159283.531852, 144
1651159283.545775, 144
1651159283.560270, 144
1651159283.574223, 143
1651159283.590910, 145
1651159283.604602, 144
1651159283.618042, 144
1651159283.635168, 144
1651159283.648551, 143
1651159283.662603, 144
1651159283.676305, 146
1651159283.690150, 146
1651159283.704780, 145
1651159283.718635, 144
1651159283.732180, 145
1651159283.745723, 146
1651159283.759389, 145
1651159283.773714, 144
1651159283.787444, 145
1651159283.802018, 145
1651159283.815652, 145
1651159283.828383, 145
1651159283.841998, 144
1651159283.855034, 143
1651159283.869320, 143
1651159283.882988, 144
1651159283.896682, 144
1651159283.910390, 144
1651159283.924022, 145
1651159283.936898, 143
1651159283.949804, 145
1651159283.962983, 145
1651159283.976355, 145
1651159283.989789, 144
1651159284.003497, 144
1651159284.017095, 145
1651159284.030574, 146
1651159284.043470, 145
1651159284.056925, 146
1651159284.070840, 145
1651159284.085136, 145
1651159284.099109, 145
1651159284.112777, 145
1651159284.126418, 145
1651159284.140056, 144
1651159284.153785, 146
1651159284.167803, 146
1651159284.182231, 146
1651159284.196834, 145
1651159284.210410, 145
1651159284.223945, 146
1651159284.238769, 145
1651159284.253298, 145
1651159284.266917, 145
1651159284.280797, 145
1651159284.295222, 145
1651159284.308641, 144
1651159284.321976, 144
1651159284.336143, 144
1651159284.349907, 143
1651159284.364288, 144
1651159284.379259, 144
1651159284.392846, 145
1651159284.408456, 144
1651159284.422222, 145
1651159284.438458, 145
1651159284.453048, 147
1651159284.467306, 146
1651159284.481852, 145
1651159284.495962, 146
1651159284.510803, 147
1651159284.526096, 145
1651159284.540542, 146
1651159284.555196, 146
1651159284.568816, 147
1651159284.583541, 147
1651159284.598084, 146
1651159284.612793, 146
1651159284.626401, 145
1651159284.640038, 146
1651159284.653256, 146
1651159284.667298, 145
1651159284.680839, 146
1651159284.694763, 145
1651159284.708293, 145
1651159284.721617, 146
1651159284.735562, 146
1651159284.750322, 146
1651159284.764298, 147
1651159284.778151, 146
1651159284.791765, 145
1651159284.807326, 145
1651159284.821986, 146
1651159284.835662, 146
1651159284.849447, 145
1651159284.862824, 146
1651159284.875740, 146
1651159284.888916, 145
1651159284.903153, 147
1651159284.916699, 147
1651159284.931362, 146
1651159284.945155, 147
1651159284.959186, 146
1651159284.974126, 145
1651159284.987592, 145
1651159285.002008, 146
1651159285.016922, 145
1651159285.030705, 146
1651159285.044137, 146
1651159285.057790, 146
1651159285.072546, 146
1651159285.086163, 145
1651159285.099862, 146
1651159285.113502, 147
1651159285.128563, 147
1651159285.142659, 147
1651159285.157267, 146
1651159285.171357, 147
1651159285.187271, 147
1651159285.200868, 146
1651159285.215676, 146
1651159285.229249, 146
1651159285.245615, 146
1651159285.260490, 146
1651159285.275078, 144
1651159285.290004, 146
1651159285.305286, 145
1651159285.318637, 146
1651159285.332997, 145
1651159285.347336, 145
1651159285.361286, 145
1651159285.375074, 146
1651159285.389600, 147
1651159285.403320, 147
1651159285.417018, 147
1651159285.431798, 146
1651159285.447345, 146
1651159285.461054, 147
1651159285.474713, 146
1651159285.488392, 148
1651159285.506853, 146
1651159285.521104, 147
1651159285.536327, 147
1651159285.551031, 148
1651159285.565582, 147
1651159285.579513, 148
1651159285.594008, 146
1651159285.607903, 147
1651159285.622172, 147
1651159285.635954, 146
1651159285.649393, 147
1651159285.663779, 148
1651159285.678019, 148
1651159285.691875, 147
1651159285.705798, 147
1651159285.720262, 148
1651159285.734919, 148
1651159285.747909, 147
1651159285.761049, 146
1651159285.774166, 146
1651159285.787322, 147
1651159285.800866, 146
1651159285.814581, 146
1651159285.828261, 146
1651159285.842702, 147
1651159285.855789, 146
1651159285.869095, 148
1651159285.882843, 148
1651159285.896051, 148
1651159285.909463, 148
1651159285.923163, 148
1651159285.937579, 149
1651159285.951268, 148
1651159285.964900, 148
1651159285.978663, 148
1651159285.992397, 147
1651159286.005853, 148
1651159286.019505, 149
1651159286.033277, 148
1651159286.047842, 147
1651159286.061707, 149
1651159286.075210, 148
1651159286.088824, 148
1651159286.102806, 147
1651159286.116339, 149
1651159286.130535, 149
1651159286.144554, 147
1651159286.158283, 148
1651159286.172006, 149
1651159286.186588, 148
1651159286.200089, 148
1651159286.214747, 147
1651159286.228033, 147
1651159286.242164, 148
1651159286.255746, 147
1651159286.269571, 148
1651159286.283084, 147
1651159286.296909, 147
1651159286.310429, 147
1651159286.324339, 147
1651159286.337942, 148
1651159286.352347, 148
1651159286.366831, 148
1651159286.380713, 148
1651159286.394579, 148
1651159286.408831, 148
1651159286.423023, 148
1651159286.437032, 148
1651159286.450697, 149
1651159286.463799, 148
1651159286.477277, 148
1651159286.490900, 149
1651159286.505533, 149
1651159286.518556, 148
1651159286.532506, 147
1651159286.546718, 149
1651159286.560256, 149
1651159286.573963, 149
1651159286.587486, 148
1651159286.601046, 148
1651159286.614571, 150
1651159286.628168, 150
1651159286.642186, 150
1651159286.657088, 149
1651159286.671052, 150
1651159286.684417, 148
1651159286.698032, 148
1651159286.713066, 149
1651159286.726859, 148
1651159286.740358, 148
1651159286.754015, 148
1651159286.768421, 147
1651159286.783294, 149
1651159286.796918, 147
1651159286.810682, 149
1651159286.824027, 148
1651159286.837248, 150
1651159286.850589, 149
1651159286.864381, 148
1651159286.878917, 150
1651159286.893694, 149
1651159286.908541, 149
1651159286.922178, 148
1651159286.935950, 149
1651159286.951209, 149
1651159286.964488, 148
1651159286.978416, 149
1651159286.991961, 150
1651159287.005573, 149
1651159287.019041, 149
1651159287.034920, 150
1651159287.048491, 148
1651159287.062958, 148
1651159287.076882, 148
1651159287.090610, 149
1651159287.106006, 149
1651159287.119523, 150
1651159287.134612, 149
1651159287.148610, 149
1651159287.163116, 147
1651159287.178830, 147
1651159287.192345, 147
1651159287.206345, 147
1651159287.219994, 149
1651159287.233967, 149
1651159287.247538, 148
1651159287.261378, 148
1651159287.274863, 148
1651159287.288127, 149
1651159287.302612, 149
1651159287.316715, 149
1651159287.330367, 149
1651159287.345043, 150
1651159287.358801, 150
1651159287.372391, 149
1651159287.386015, 151
1651159287.400779, 150
1651159287.415306, 150
1651159287.429816, 150
1651159287.444493, 150
1651159287.460038, 150
1651159287.473730, 150
1651159287.487586, 150
1651159287.502193, 150
1651159287.516795, 150
1651159287.530688, 149
1651159287.545753, 151
1651159287.559515, 150
1651159287.573461, 149
1651159287.587942, 150
1651159287.601798, 148
1651159287.615138, 149
1651159287.628698, 150
1651159287.643732, 148
1651159287.657411, 148
1651159287.672086, 149
1651159287.686127, 149
1651159287.700739, 149
1651159287.714337, 150
1651159287.728210, 149
1651159287.742656, 150
1651159287.756568, 151
1651159287.771997, 150
1651159287.785662, 150
1651159287.799255, 150
1651159287.813819, 150
1651159287.827608, 151
1651159287.842175, 151
1651159287.856904, 149
1651159287.870418, 150
1651159287.884314, 151
1651159287.897890, 151
1651159287.913112, 150
1651159287.926326, 150
1651159287.939796, 149
1651159287.954090, 150
1651159287.969156, 149
1651159287.983739, 151
1651159287.998183, 151
1651159288.011952, 151
1651159288.025189, 150
1651159288.039192, 151
1651159288.053643, 149
1651159288.067342, 150
1651159288.082882, 149
1651159288.096842, 150
1651159288.110980, 148
1651159288.125251, 150
1651159288.139248, 150
1651159288.153101, 150
1651159288.167745, 150
1651159288.181369, 149
1651159288.194698, 150
1651159288.210738, 150
1651159288.225486, 150
1651159288.238983, 151
1651159288.254948, 150
1651159288.268653, 150
1651159288.282890, 151
1651159288.296161, 151
1651159288.315137, 150
1651159288.331212, 152
1651159288.344647, 151
1651159288.359178, 151
1651159288.373836, 149
1651159288.387314, 151
1651159288.401743, 151
1651159288.415351, 151
1651159288.429152, 150
1651159288.443341, 150
1651159288.457390, 152
1651159288.472836, 151
1651159288.490316, 152
1651159288.504189, 152
1651159288.518149, 152
1651159288.548621, 151
1651159288.563134, 151
1651159288.580039, 151
1651159288.593638, 150
1651159288.608825, 151
1651159288.622549, 149
1651159288.637644, 150
1651159288.651565, 150
1651159288.665271, 149
1651159288.679864, 150
1651159288.693203, 150
1651159288.706608, 150
1651159288.720946, 150
1651159288.734587, 150
1651159288.748205, 151
1651159288.763399, 151
1651159288.778972, 151
1651159288.794507, 151
1651159288.807955, 152
1651159288.822201, 150
1651159288.835848, 151
1651159288.851130, 151
1651159288.867882, 151
1651159288.880978, 150
1651159288.894262, 151
1651159288.909223, 152
1651159288.923941, 152
1651159288.939031, 151
1651159288.954939, 152
1651159288.968680, 151
1651159288.985522, 152
1651159289.000163, 151
1651159289.014586, 152
1651159289.029519, 152
1651159289.044596, 152
1651159289.058101, 151
1651159289.071187, 152
1651159289.085049, 152
1651159289.098754, 152
1651159289.113251, 150
1651159289.128755, 152
1651159289.143463, 151
1651159289.156782, 150
1651159289.170032, 152
1651159289.185481, 152
1651159289.198847, 150
1651159289.212276, 151
1651159289.226405, 151
1651159289.241079, 152
1651159289.257217, 153
1651159289.271882, 152
1651159289.289095, 151
1651159289.302764, 152
1651159289.319310, 152
1651159289.333320, 153
1651159289.347542, 152
1651159289.361017, 151
1651159289.375588, 152
1651159289.389342, 152
1651159289.402871, 152
1651159289.416143, 152
1651159289.429630, 151
1651159289.444368, 152
1651159289.460733, 153
1651159289.475337, 152
1651159289.492300, 152
1651159289.505751, 151
1651159289.518768, 151
1651159289.532160, 154
1651159289.546134, 153
1651159289.559757, 153
1651159289.578330, 153
1651159289.593496, 152
1651159289.607397, 151
1651159289.626634, 151
1651159289.640895, 152
1651159289.655594, 153
1651159289.669321, 152
1651159289.684744, 152
1651159289.699454, 152
1651159289.712475, 153
1651159289.726294, 152
1651159289.739639, 153
1651159289.753011, 153
1651159289.766737, 154
1651159289.780524, 154
1651159289.794357, 153
1651159289.808859, 153
1651159289.822467, 154
1651159289.836126, 153
1651159289.851764, 153
1651159289.865294, 152
1651159289.878894, 154
1651159289.891841, 153
1651159289.905165, 153
1651159289.919219, 152
1651159289.932972, 151
1651159289.946711, 152
1651159289.961101, 153
1651159289.974779, 153
1651159289.988242, 153
1651159290.003164, 153
1651159290.016900, 154
1651159290.030536, 153
1651159290.045509, 153
1651159290.059719, 153
1651159290.074478, 152
1651159290.091076, 153
1651159290.104853, 152
1651159290.119355, 152
1651159290.133116, 152
1651159290.146856, 151
1651159290.161527, 153
1651159290.175559, 151
1651159290.189225, 152
1651159290.202672, 152
1651159290.216446, 153
1651159290.231207, 153
1651159290.245528, 154
1651159290.260399, 154
1651159290.274654, 153
1651159290.288342, 152
1651159290.303003, 153
1651159290.316991, 153
1651159290.333508, 153
1651159290.347217, 154
1651159290.361597, 153
1651159290.377445, 153
1651159290.394353, 153
1651159290.408292, 154
1651159290.421945, 153
1651159290.435863, 155
1651159290.449522, 153
1651159290.463269, 155
1651159290.477410, 154
1651159290.491752, 154
1651159290.505840, 154
1651159290.520116, 155
1651159290.533620, 154
1651159290.548543, 154
1651159290.563987, 154
1651159290.578880, 154
1651159290.593098, 153
1651159290.606984, 153
1651159290.620509, 153
1651159290.635112, 154
1651159290.650594, 153
1651159290.664298, 152
1651159290.680018, 152
1651159290.693568, 153
1651159290.707222, 153
1651159290.720815, 155
1651159290.733799, 154
1651159290.747749, 155
1651159290.761150, 154
1651159290.776798, 154
1651159290.792838, 154
1651159290.806018, 155
1651159290.819177, 154
1651159290.832581, 154
1651159290.848403, 154
1651159290.863887, 155
1651159290.878663, 153
1651159290.892259, 154
1651159290.905780, 154
1651159290.918692, 154
1651159290.931911, 154
1651159290.945943, 153
1651159290.960612, 153
1651159290.975542, 154
1651159290.988786, 153
1651159291.002705, 154
1651159291.016855, 154
1651159291.032489, 155
1651159291.047282, 155
1651159291.061546, 155
1651159291.075139, 154
1651159291.088788, 154
1651159291.102505, 154
1651159291.116045, 153
1651159291.129777, 152
1651159291.144426, 153
1651159291.159075, 154
1651159291.172749, 153
1651159291.186351, 153
1651159291.199582, 153
1651159291.212529, 156
1651159291.225601, 155
1651159291.238933, 156
1651159291.252676, 155
1651159291.267481, 155
1651159291.281142, 155
1651159291.294819, 153
1651159291.308570, 155
1651159291.327057, 155
1651159291.340663, 155
1651159291.355239, 156
1651159291.370382, 156
1651159291.384537, 154
1651159291.397947, 155
1651159291.411408, 155
1651159291.425234, 155
1651159291.439865, 154
1651159291.453464, 154
1651159291.467716, 155
1651159291.482560, 155
1651159291.496202, 155
1651159291.511138, 154
1651159291.524372, 156
1651159291.538078, 155
1651159291.551773, 154
1651159291.565552, 154
1651159291.579320, 154
1651159291.593274, 155
1651159291.606652, 153
1651159291.621179, 155
1651159291.635125, 154
1651159291.648528, 155
1651159291.663062, 154
1651159291.676758, 154
1651159291.690649, 155
1651159291.704308, 155
1651159291.720547, 155
1651159291.735621, 155
1651159291.749747, 156
1651159291.764926, 155
1651159291.779966, 154
1651159291.794525, 155
1651159291.808078, 156
1651159291.821983, 156
1651159291.835422, 155
1651159291.850142, 154
1651159291.864821, 155
1651159291.879232, 154
1651159291.894003, 155
1651159291.907750, 155
1651159291.921459, 156
1651159291.938199, 155
1651159291.958665, 156
1651159291.971877, 155
1651159291.986859, 156
1651159292.006928, 156
1651159292.026529, 157
1651159292.040797, 155
1651159292.054169, 156
1651159292.067916, 155
1651159292.081387, 156
1651159292.095058, 155
1651159292.108698, 154
1651159292.122243, 154
1651159292.137135, 155
1651159292.150782, 156
1651159292.164019, 155
1651159292.177758, 155
1651159292.194859, 157
1651159292.210165, 156
1651159292.225723, 156
1651159292.241303, 156
1651159292.255797, 156
1651159292.269750, 157
1651159292.285378, 156
1651159292.299912, 155
1651159292.314527, 156
1651159292.328337, 157
1651159292.341829, 156
1651159292.355497, 156
1651159292.370263, 157
1651159292.383937, 155
1651159292.399538, 156
1651159292.416234, 156
1651159292.431364, 156
1651159292.447455, 157
1651159292.463823, 155
1651159292.480502, 157
1651159292.496023, 156
1651159292.510853, 156
1651159292.524869, 157
1651159292.538957, 156
1651159292.552482, 156
1651159292.567037, 156
1651159292.581129, 156
1651159292.596745, 155
1651159292.611286, 157
1651159292.625841, 155
1651159292.643134, 155
1651159292.662707, 155
1651159292.682051, 154
1651159292.696821, 157
1651159292.714313, 156
1651159292.730998, 156
1651159292.747453, 157
1651159292.769876, 156
1651159292.789682, 158
1651159292.808907, 158
1651159292.825631, 157
1651159292.840180, 158
1651159292.854826, 157
1651159292.870028, 157
1651159292.889170, 157
1651159292.906639, 157
1651159292.923769, 157
1651159292.940142, 157
1651159292.957452, 156
1651159292.972884, 156
1651159292.990555, 157
1651159293.007033, 157
1651159293.024572, 156
1651159293.043421, 157
1651159293.058732, 157
1651159293.073571, 156
1651159293.087941, 155
1651159293.103744, 156
1651159293.121237, 156
1651159293.138996, 156
1651159293.156520, 156
1651159293.171676, 156
1651159293.192645, 157
1651159293.228302, 157
1651159293.251211, 157
1651159293.267515, 157
1651159293.285437, 158
1651159293.303314, 156
1651159293.322718, 157
1651159293.341477, 156
1651159293.355985, 158
1651159293.370029, 158
1651159293.386115, 157
1651159293.404270, 159
1651159293.422757, 157
1651159293.438911, 157
1651159293.455067, 157
1651159293.475018, 157
1651159293.488936, 157
1651159293.506801, 157
1651159293.525743, 157
1651159293.540235, 156
1651159293.553708, 156
1651159293.567563, 157
1651159293.584523, 158
1651159293.601831, 157
1651159293.620464, 158
1651159293.634376, 157
1651159293.651013, 156
1651159293.667399, 158
1651159293.684095, 157
1651159293.699772, 157
1651159293.716041, 158
1651159293.733152, 158
1651159293.750031, 157
1651159293.766820, 159
1651159293.784207, 158
1651159293.799817, 157
1651159293.817076, 158
1651159293.832627, 159
1651159293.849058, 158
1651159293.864756, 158
1651159293.881971, 158
1651159293.898076, 158
1651159293.914591, 158
1651159293.929993, 157
1651159293.943853, 158
1651159293.957442, 159
1651159293.980980, 159
1651159293.996645, 158
1651159294.011215, 158
1651159294.026094, 159
1651159294.039720, 158
1651159294.065882, 158
1651159294.082251, 158
1651159294.097096, 157
1651159294.110543, 157
1651159294.124108, 156
1651159294.137869, 157
1651159294.151434, 158
1651159294.166293, 158
1651159294.183199, 158
1651159294.203972, 157
1651159294.223326, 158
1651159294.238134, 159
1651159294.254944, 159
1651159294.270663, 158
1651159294.286085, 158
1651159294.301979, 159
1651159294.316284, 158
1651159294.331742, 157
1651159294.345645, 158
1651159294.359310, 158
1651159294.372940, 158
1651159294.387630, 159
1651159294.401183, 158
1651159294.414961, 159
1651159294.430051, 159
1651159294.444072, 160
1651159294.458577, 159
1651159294.475345, 160
1651159294.488822, 159
1651159294.502752, 158
1651159294.516954, 160
1651159294.532049, 160
1651159294.546453, 159
1651159294.560939, 160
1651159294.575330, 159
1651159294.590556, 159
1651159294.605490, 159
1651159294.621349, 158
1651159294.637303, 158
1651159294.653108, 158
1651159294.666814, 158
1651159294.684833, 159
1651159294.699241, 158
1651159294.714740, 156
1651159294.728502, 159
1651159294.744036, 159
1651159294.757705, 158
1651159294.771354, 159
1651159294.785049, 159
1651159294.800079, 160
1651159294.813758, 160
1651159294.827328, 160
1651159294.840627, 159
1651159294.855429, 159
1651159294.870413, 160
1651159294.883561, 159
1651159294.897321, 159
1651159294.911124, 159
1651159294.925540, 160
1651159294.939258, 159
1651159294.953065, 159
1651159294.967008, 159
1651159294.981673, 160
1651159294.997637, 161
1651159295.012046, 160
1651159295.025302, 159
1651159295.040726, 159
1651159295.054599, 158
1651159295.068260, 160
1651159295.081758, 159
1651159295.095583, 158
1651159295.109467, 158
1651159295.123674, 159
1651159295.137753, 158
1651159295.151240, 158
1651159295.164706, 159
1651159295.178834, 159
1651159295.193224, 159
1651159295.207766, 158
1651159295.222273, 160
1651159295.235301, 160
1651159295.248279, 160
1651159295.262328, 161
1651159295.275659, 161
1651159295.289679, 161
1651159295.303642, 159
1651159295.328730, 161
1651159295.343946, 160
1651159295.358630, 160
1651159295.372403, 160
1651159295.385864, 159
1651159295.399591, 159
1651159295.413404, 159
1651159295.427066, 160
1651159295.441924, 160
1651159295.455914, 160
1651159295.470122, 160
1651159295.484166, 161
1651159295.497821, 160
1651159295.511412, 160
1651159295.524559, 160
1651159295.538862, 161
1651159295.552492, 160
1651159295.565950, 160
1651159295.580275, 161
1651159295.594905, 159
1651159295.608218, 160
1651159295.626743, 160
1651159295.652739, 161
1651159295.675291, 160
1651159295.688595, 160
1651159295.706187, 159
1651159295.719521, 160
1651159295.733507, 160
1651159295.748115, 161
1651159295.761790, 161
1651159295.776560, 160
1651159295.791146, 160
1651159295.805661, 161
1651159295.820383, 160
1651159295.835080, 161
1651159295.853751, 160
1651159295.868222, 161
1651159295.883748, 160
1651159295.898413, 159
1651159295.913113, 159
1651159295.927163, 160
1651159295.941812, 160
1651159295.955420, 161
1651159295.969289, 161
1651159295.984653, 161
1651159295.997956, 163
1651159296.025840, 161
1651159296.039701, 161
1651159296.053507, 162
1651159296.067719, 163
1651159296.083338, 162
1651159296.102425, 160
1651159296.117282, 160
1651159296.131203, 161
1651159296.145323, 160
1651159296.160475, 160
1651159296.174142, 160
1651159296.187640, 161
1651159296.211188, 160
1651159296.224736, 161
1651159296.239005, 161
1651159296.252564, 161
1651159296.265686, 161
1651159296.278850, 161
1651159296.293484, 162
1651159296.307296, 161
1651159296.323166, 161
1651159296.337271, 160
1651159296.351150, 162
1651159296.364661, 162
1651159296.380554, 161
1651159296.395602, 159
1651159296.409801, 161
1651159296.423696, 162
1651159296.436872, 163
1651159296.450674, 163
1651159296.464159, 162
1651159296.479051, 161
1651159296.493539, 161
1651159296.507618, 161
1651159296.521778, 162
1651159296.535911, 162
1651159296.549667, 161
1651159296.563492, 162
1651159296.577380, 161
1651159296.591898, 161
1651159296.608592, 162
1651159296.622280, 161
1651159296.635678, 161
1651159296.649560, 161
1651159296.663085,